  0.00000e+00   1.00000e-32   0.00000e+00
  1.75019e-02   1.88961e-04  -3.72363e+01
  3.50038e-02   7.55958e-04  -3.12150e+01
  5.25057e-02   1.70134e-03  -2.76921e+01
  7.00076e-02   3.02567e-03  -2.51918e+01
  8.75095e-02   4.72975e-03  -2.32516e+01
  1.05011e-01   6.81459e-03  -2.16656e+01
  1.22513e-01   9.28138e-03  -2.03239e+01
  1.40015e-01   1.21315e-02  -1.91608e+01
  1.57517e-01   1.53666e-02  -1.81342e+01
  1.75019e-01   1.89883e-02  -1.72151e+01
  1.92521e-01   2.29986e-02  -1.63830e+01
  2.10023e-01   2.73993e-02  -1.56226e+01
  2.27525e-01   3.21927e-02  -1.49224e+01
  2.45027e-01   3.73807e-02  -1.42735e+01
  2.62528e-01   4.29656e-02  -1.36688e+01
  2.80030e-01   4.89496e-02  -1.31025e+01
  2.97532e-01   5.53348e-02  -1.25700e+01
  3.15034e-01   6.21233e-02  -1.20675e+01
  3.32536e-01   6.93171e-02  -1.15916e+01
  3.50038e-01   7.69180e-02  -1.11397e+01
  3.67540e-01   8.49277e-02  -1.07095e+01
  3.85042e-01   9.33477e-02  -1.02990e+01
  4.02544e-01   1.02179e-01  -9.90638e+00
  4.20045e-01   1.11423e-01  -9.53025e+00
  4.37547e-01   1.21080e-01  -9.16929e+00
  4.55049e-01   1.31149e-01  -8.82234e+00
  4.72551e-01   1.41631e-01  -8.48840e+00
  4.90053e-01   1.52525e-01  -8.16658e+00
  5.07555e-01   1.63830e-01  -7.85607e+00
  5.25057e-01   1.75543e-01  -7.55618e+00
  5.42559e-01   1.87661e-01  -7.26626e+00
  5.60061e-01   2.00182e-01  -6.98575e+00
  5.77563e-01   2.13101e-01  -6.71415e+00
  5.95064e-01   2.26413e-01  -6.45099e+00
  6.12566e-01   2.40113e-01  -6.19585e+00
  6.30068e-01   2.54193e-01  -5.94836e+00
  6.47570e-01   2.68647e-01  -5.70818e+00
  6.65072e-01   2.83465e-01  -5.47501e+00
  6.82574e-01   2.98638e-01  -5.24856e+00
  7.00076e-01   3.14154e-01  -5.02857e+00
  7.17578e-01   3.30003e-01  -4.81482e+00
  7.35080e-01   3.46171e-01  -4.60709e+00
  7.52581e-01   3.62644e-01  -4.40519e+00
  7.70083e-01   3.79407e-01  -4.20895e+00
  7.87585e-01   3.96442e-01  -4.01820e+00
  8.05087e-01   4.13733e-01  -3.83280e+00
  8.22589e-01   4.31260e-01  -3.65261e+00
  8.40091e-01   4.49002e-01  -3.47752e+00
  8.57593e-01   4.66938e-01  -3.30740e+00
  8.75095e-01   4.85046e-01  -3.14217e+00
  8.92597e-01   5.03301e-01  -2.98172e+00
  9.10098e-01   5.21679e-01  -2.82597e+00
  9.27600e-01   5.40152e-01  -2.67484e+00
  9.45102e-01   5.58693e-01  -2.52826e+00
  9.62604e-01   5.77275e-01  -2.38617e+00
  9.80106e-01   5.95866e-01  -2.24851e+00
  9.97608e-01   6.14437e-01  -2.11523e+00
  1.01511e+00   6.32956e-01  -1.98627e+00
  1.03261e+00   6.51390e-01  -1.86159e+00
  1.05011e+00   6.69707e-01  -1.74115e+00
  1.06762e+00   6.87873e-01  -1.62492e+00
  1.08512e+00   7.05854e-01  -1.51285e+00
  1.10262e+00   7.23614e-01  -1.40493e+00
  1.12012e+00   7.41118e-01  -1.30113e+00
  1.13762e+00   7.58331e-01  -1.20141e+00
  1.15513e+00   7.75218e-01  -1.10576e+00
  1.17263e+00   7.91743e-01  -1.01416e+00
  1.19013e+00   8.07869e-01  -9.26588e-01
  1.20763e+00   8.23563e-01  -8.43031e-01
  1.22513e+00   8.38789e-01  -7.63475e-01
  1.24263e+00   8.53512e-01  -6.87905e-01
  1.26014e+00   8.67699e-01  -6.16311e-01
  1.27764e+00   8.81316e-01  -5.48682e-01
  1.29514e+00   8.94332e-01  -4.85010e-01
  1.31264e+00   9.06716e-01  -4.25287e-01
  1.33014e+00   9.18437e-01  -3.69506e-01
  1.34765e+00   9.29467e-01  -3.17660e-01
  1.36515e+00   9.39779e-01  -2.69745e-01
  1.38265e+00   9.49346e-01  -2.25755e-01
  1.40015e+00   9.58145e-01  -1.85686e-01
  1.41765e+00   9.66154e-01  -1.49536e-01
  1.43516e+00   9.73352e-01  -1.17301e-01
  1.45266e+00   9.79720e-01  -8.89785e-02
  1.47016e+00   9.85243e-01  -6.45663e-02
  1.48766e+00   9.89905e-01  -4.40627e-02
  1.50516e+00   9.93696e-01  -2.74662e-02
  1.52266e+00   9.96604e-01  -1.47757e-02
  1.54017e+00   9.98622e-01  -5.99046e-03
  1.55767e+00   9.99744e-01  -1.10981e-03
  1.57517e+00   9.99969e-01  -1.33457e-04
  1.59267e+00   9.99295e-01  -3.06134e-03
  1.61017e+00   9.97724e-01  -9.89365e-03
  1.62768e+00   9.95261e-01  -2.06308e-02
  1.64518e+00   9.91911e-01  -3.52736e-02
  1.66268e+00   9.87683e-01  -5.38229e-02
  1.68018e+00   9.82589e-01  -7.62800e-02
  1.69768e+00   9.76642e-01  -1.02647e-01
  1.71519e+00   9.69857e-01  -1.32925e-01
  1.73269e+00   9.62251e-01  -1.67116e-01
  1.75019e+00   9.53844e-01  -2.05225e-01
  1.76769e+00   9.44658e-01  -2.47253e-01
  1.78519e+00   9.34716e-01  -2.93204e-01
  1.80270e+00   9.24042e-01  -3.43083e-01
  1.82020e+00   9.12663e-01  -3.96896e-01
  1.83770e+00   9.00607e-01  -4.54646e-01
  1.85520e+00   8.87903e-01  -5.16342e-01
  1.87270e+00   8.74583e-01  -5.81991e-01
  1.89020e+00   8.60677e-01  -6.51600e-01
  1.90771e+00   8.46217e-01  -7.25180e-01
  1.92521e+00   8.31239e-01  -8.02742e-01
  1.94271e+00   8.15775e-01  -8.84296e-01
  1.96021e+00   7.99860e-01  -9.69858e-01
  1.97771e+00   7.83531e-01  -1.05944e+00
  1.99522e+00   7.66820e-01  -1.15306e+00
  2.01272e+00   7.49766e-01  -1.25074e+00
  2.03022e+00   7.32403e-01  -1.35250e+00
  2.04772e+00   7.14766e-01  -1.45836e+00
  2.06522e+00   6.96892e-01  -1.56835e+00
  2.08273e+00   6.78814e-01  -1.68249e+00
  2.10023e+00   6.60568e-01  -1.80082e+00
  2.11773e+00   6.42188e-01  -1.92338e+00
  2.13523e+00   6.23708e-01  -2.05019e+00
  2.15273e+00   6.05159e-01  -2.18131e+00
  2.17023e+00   5.86574e-01  -2.31677e+00
  2.18774e+00   5.67984e-01  -2.45664e+00
  2.20524e+00   5.49419e-01  -2.60097e+00
  2.22274e+00   5.30908e-01  -2.74981e+00
  2.24024e+00   5.12479e-01  -2.90324e+00
  2.25774e+00   4.94160e-01  -3.06133e+00
  2.27525e+00   4.75975e-01  -3.22416e+00
  2.29275e+00   4.57950e-01  -3.39182e+00
  2.31025e+00   4.40108e-01  -3.56441e+00
  2.32775e+00   4.22471e-01  -3.74203e+00
  2.34525e+00   4.05060e-01  -3.92481e+00
  2.36276e+00   3.87894e-01  -4.11287e+00
  2.38026e+00   3.70993e-01  -4.30634e+00
  2.39776e+00   3.54373e-01  -4.50539e+00
  2.41526e+00   3.38051e-01  -4.71018e+00
  2.43276e+00   3.22041e-01  -4.92089e+00
  2.45027e+00   3.06356e-01  -5.13774e+00
  2.46777e+00   2.91010e-01  -5.36092e+00
  2.48527e+00   2.76013e-01  -5.59070e+00
  2.50277e+00   2.61376e-01  -5.82734e+00
  2.52027e+00   2.47108e-01  -6.07113e+00
  2.53777e+00   2.33217e-01  -6.32240e+00
  2.55528e+00   2.19710e-01  -6.58150e+00
  2.57278e+00   2.06594e-01  -6.84883e+00
  2.59028e+00   1.93873e-01  -7.12482e+00
  2.60778e+00   1.81553e-01  -7.40996e+00
  2.62528e+00   1.69637e-01  -7.70479e+00
  2.64279e+00   1.58128e-01  -8.00991e+00
  2.66029e+00   1.47029e-01  -8.32598e+00
  2.67779e+00   1.36340e-01  -8.65375e+00
  2.69529e+00   1.26064e-01  -8.99408e+00
  2.71279e+00   1.16201e-01  -9.34790e+00
  2.73030e+00   1.06751e-01  -9.71628e+00
  2.74780e+00   9.77133e-02  -1.01005e+01
  2.76530e+00   8.90876e-02  -1.05018e+01
  2.78280e+00   8.08729e-02  -1.09220e+01
  2.80030e+00   7.30677e-02  -1.13627e+01
  2.81780e+00   6.56705e-02  -1.18263e+01
  2.83531e+00   5.86795e-02  -1.23151e+01
  2.85281e+00   5.20929e-02  -1.28322e+01
  2.87031e+00   4.59085e-02  -1.33811e+01
  2.88781e+00   4.01243e-02  -1.39659e+01
  2.90531e+00   3.47380e-02  -1.45920e+01
  2.92282e+00   2.97475e-02  -1.52655e+01
  2.94032e+00   2.51507e-02  -1.59945e+01
  2.95782e+00   2.09454e-02  -1.67891e+01
  2.97532e+00   1.71296e-02  -1.76625e+01
  2.99282e+00   1.37013e-02  -1.86324e+01
  3.01033e+00   1.06589e-02  -1.97229e+01
  3.02783e+00   8.00053e-03  -2.09688e+01
  3.04533e+00   5.72482e-03  -2.24224e+01
  3.06283e+00   3.83044e-03  -2.41675e+01
  3.08033e+00   2.31629e-03  -2.63521e+01
  3.09784e+00   1.18146e-03  -2.92758e+01
  3.11534e+00   4.25274e-04  -3.37133e+01
  3.13284e+00   4.72670e-05  -4.32544e+01
  3.15034e+00   1.00000e-32  -3.20000e+02
  3.16784e+00   4.25103e-04  -3.37151e+01
  3.18534e+00   1.18118e-03  -2.92769e+01
  3.20285e+00   2.31589e-03  -2.63528e+01
  3.22035e+00   3.82993e-03  -2.41681e+01
  3.23785e+00   5.72419e-03  -2.24229e+01
  3.25535e+00   7.99978e-03  -2.09692e+01
  3.27285e+00   1.06580e-02  -1.97232e+01
  3.29036e+00   1.37004e-02  -1.86327e+01
  3.30786e+00   1.71285e-02  -1.76628e+01
  3.32536e+00   2.09442e-02  -1.67894e+01
  3.34286e+00   2.51494e-02  -1.59947e+01
  3.36036e+00   2.97461e-02  -1.52657e+01
  3.37787e+00   3.47364e-02  -1.45921e+01
  3.39537e+00   4.01226e-02  -1.39661e+01
  3.41287e+00   4.59067e-02  -1.33812e+01
  3.43037e+00   5.20909e-02  -1.28324e+01
  3.44787e+00   5.86775e-02  -1.23153e+01
  3.46538e+00   6.56683e-02  -1.18264e+01
  3.48288e+00   7.30654e-02  -1.13629e+01
  3.50038e+00   8.08704e-02  -1.09221e+01
  3.51788e+00   8.90851e-02  -1.05020e+01
  3.53538e+00   9.77106e-02  -1.01006e+01
  3.55288e+00   1.06748e-01  -9.71640e+00
  3.57039e+00   1.16198e-01  -9.34801e+00
  3.58789e+00   1.26061e-01  -8.99418e+00
  3.60539e+00   1.36337e-01  -8.65386e+00
  3.62289e+00   1.47025e-01  -8.32608e+00
  3.64039e+00   1.58125e-01  -8.01000e+00
  3.65790e+00   1.69634e-01  -7.70488e+00
  3.67540e+00   1.81549e-01  -7.41005e+00
  3.69290e+00   1.93869e-01  -7.12491e+00
  3.71040e+00   2.06590e-01  -6.84891e+00
  3.72790e+00   2.19706e-01  -6.58158e+00
  3.74541e+00   2.33213e-01  -6.32248e+00
  3.76291e+00   2.47104e-01  -6.07121e+00
  3.78041e+00   2.61372e-01  -5.82742e+00
  3.79791e+00   2.76009e-01  -5.59077e+00
  3.81541e+00   2.91005e-01  -5.36099e+00
  3.83291e+00   3.06351e-01  -5.13780e+00
  3.85042e+00   3.22036e-01  -4.92096e+00
  3.86792e+00   3.38046e-01  -4.71024e+00
  3.88542e+00   3.54368e-01  -4.50545e+00
  3.90292e+00   3.70988e-01  -4.30640e+00
  3.92042e+00   3.87889e-01  -4.11292e+00
  3.93793e+00   4.05054e-01  -3.92487e+00
  3.95543e+00   4.22465e-01  -3.74209e+00
  3.97293e+00   4.40102e-01  -3.56446e+00
  3.99043e+00   4.57945e-01  -3.39187e+00
  4.00793e+00   4.75970e-01  -3.22421e+00
  4.02544e+00   4.94154e-01  -3.06138e+00
  4.04294e+00   5.12474e-01  -2.90328e+00
  4.06044e+00   5.30902e-01  -2.74985e+00
  4.07794e+00   5.49413e-01  -2.60101e+00
  4.09544e+00   5.67978e-01  -2.45668e+00
  4.11295e+00   5.86568e-01  -2.31682e+00
  4.13045e+00   6.05153e-01  -2.18135e+00
  4.14795e+00   6.23702e-01  -2.05023e+00
  4.16545e+00   6.42183e-01  -1.92341e+00
  4.18295e+00   6.60563e-01  -1.80086e+00
  4.20045e+00   6.78809e-01  -1.68253e+00
  4.21796e+00   6.96886e-01  -1.56838e+00
  4.23546e+00   7.14761e-01  -1.45839e+00
  4.25296e+00   7.32397e-01  -1.35253e+00
  4.27046e+00   7.49761e-01  -1.25077e+00
  4.28796e+00   7.66815e-01  -1.15309e+00
  4.30547e+00   7.83525e-01  -1.05947e+00
  4.32297e+00   7.99856e-01  -9.69884e-01
  4.34047e+00   8.15770e-01  -8.84322e-01
  4.35797e+00   8.31234e-01  -8.02766e-01
  4.37547e+00   8.46213e-01  -7.25203e-01
  4.39298e+00   8.60672e-01  -6.51622e-01
  4.41048e+00   8.74579e-01  -5.82011e-01
  4.42798e+00   8.87900e-01  -5.16362e-01
  4.44548e+00   9.00603e-01  -4.54664e-01
  4.46298e+00   9.12659e-01  -3.96912e-01
  4.48048e+00   9.24039e-01  -3.43099e-01
  4.49799e+00   9.34713e-01  -2.93219e-01
  4.51549e+00   9.44655e-01  -2.47266e-01
  4.53299e+00   9.53842e-01  -2.05237e-01
  4.55049e+00   9.62249e-01  -1.67127e-01
  4.56799e+00   9.69854e-01  -1.32934e-01
  4.58550e+00   9.76640e-01  -1.02655e-01
  4.60300e+00   9.82588e-01  -7.62875e-02
  4.62050e+00   9.87682e-01  -5.38291e-02
  4.63800e+00   9.91910e-01  -3.52786e-02
  4.65550e+00   9.95260e-01  -2.06347e-02
  4.67301e+00   9.97724e-01  -9.89632e-03
  4.69051e+00   9.99295e-01  -3.06282e-03
  4.70801e+00   9.99969e-01  -1.33753e-04
  4.72551e+00   9.99745e-01  -1.10892e-03
  4.74301e+00   9.98622e-01  -5.98839e-03
  4.76052e+00   9.96604e-01  -1.47725e-02
  4.77802e+00   9.93697e-01  -2.74617e-02
  4.79552e+00   9.89907e-01  -4.40570e-02
  4.81302e+00   9.85245e-01  -6.45595e-02
  4.83052e+00   9.79722e-01  -8.89706e-02
  4.84802e+00   9.73354e-01  -1.17292e-01
  4.86553e+00   9.66156e-01  -1.49526e-01
  4.88303e+00   9.58148e-01  -1.85675e-01
  4.90053e+00   9.49349e-01  -2.25742e-01
  4.91803e+00   9.39782e-01  -2.69731e-01
  4.93553e+00   9.29470e-01  -3.17645e-01
  4.95304e+00   9.18441e-01  -3.69489e-01
  4.97054e+00   9.06720e-01  -4.25269e-01
  4.98804e+00   8.94336e-01  -4.84991e-01
  5.00554e+00   8.81320e-01  -5.48662e-01
  5.02304e+00   8.67703e-01  -6.16289e-01
  5.04055e+00   8.53516e-01  -6.87882e-01
  5.05805e+00   8.38793e-01  -7.63451e-01
  5.07555e+00   8.23568e-01  -8.43007e-01
  5.09305e+00   8.07874e-01  -9.26562e-01
  5.11055e+00   7.91748e-01  -1.01413e+00
  5.12805e+00   7.75223e-01  -1.10573e+00
  5.14556e+00   7.58337e-01  -1.20138e+00
  5.16306e+00   7.41123e-01  -1.30109e+00
  5.18056e+00   7.23619e-01  -1.40490e+00
  5.19806e+00   7.05859e-01  -1.51282e+00
  5.21556e+00   6.87879e-01  -1.62488e+00
  5.23307e+00   6.69713e-01  -1.74111e+00
  5.25057e+00   6.51396e-01  -1.86155e+00
  5.26807e+00   6.32961e-01  -1.98623e+00
  5.28557e+00   6.14443e-01  -2.11519e+00
  5.30307e+00   5.95872e-01  -2.24847e+00
  5.32058e+00   5.77280e-01  -2.38613e+00
  5.33808e+00   5.58699e-01  -2.52822e+00
  5.35558e+00   5.40158e-01  -2.67480e+00
  5.37308e+00   5.21684e-01  -2.82592e+00
  5.39058e+00   5.03307e-01  -2.98167e+00
  5.40809e+00   4.85052e-01  -3.14212e+00
  5.42559e+00   4.66944e-01  -3.30735e+00
  5.44309e+00   4.49007e-01  -3.47747e+00
  5.46059e+00   4.31265e-01  -3.65256e+00
  5.47809e+00   4.13738e-01  -3.83274e+00
  5.49559e+00   3.96448e-01  -4.01814e+00
  5.51310e+00   3.79412e-01  -4.20889e+00
  5.53060e+00   3.62649e-01  -4.40513e+00
  5.54810e+00   3.46176e-01  -4.60703e+00
  5.56560e+00   3.30008e-01  -4.81475e+00
  5.58310e+00   3.14159e-01  -5.02850e+00
  5.60061e+00   2.98642e-01  -5.24849e+00
  5.61811e+00   2.83469e-01  -5.47494e+00
  5.63561e+00   2.68651e-01  -5.70811e+00
  5.65311e+00   2.54198e-01  -5.94829e+00
  5.67061e+00   2.40117e-01  -6.19577e+00
  5.68812e+00   2.26417e-01  -6.45091e+00
  5.70562e+00   2.13105e-01  -6.71407e+00
  5.72312e+00   2.00186e-01  -6.98567e+00
  5.74062e+00   1.87665e-01  -7.26617e+00
  5.75812e+00   1.75546e-01  -7.55609e+00
  5.77563e+00   1.63833e-01  -7.85598e+00
  5.79313e+00   1.52529e-01  -8.16648e+00
  5.81063e+00   1.41635e-01  -8.48830e+00
  5.82813e+00   1.31152e-01  -8.82224e+00
  5.84563e+00   1.21083e-01  -9.16918e+00
  5.86313e+00   1.11426e-01  -9.53014e+00
  5.88064e+00   1.02182e-01  -9.90626e+00
  5.89814e+00   9.33503e-02  -1.02988e+01
  5.91564e+00   8.49302e-02  -1.07094e+01
  5.93314e+00   7.69204e-02  -1.11396e+01
  5.95064e+00   6.93193e-02  -1.15915e+01
  5.96815e+00   6.21254e-02  -1.20673e+01
  5.98565e+00   5.53368e-02  -1.25699e+01
  6.00315e+00   4.89515e-02  -1.31023e+01
  6.02065e+00   4.29674e-02  -1.36686e+01
  6.03815e+00   3.73823e-02  -1.42733e+01
  6.05566e+00   3.21942e-02  -1.49222e+01
  6.07316e+00   2.74007e-02  -1.56224e+01
  6.09066e+00   2.29999e-02  -1.63827e+01
  6.10816e+00   1.89895e-02  -1.72149e+01
  6.12566e+00   1.53676e-02  -1.81339e+01
  6.14316e+00   1.21325e-02  -1.91605e+01
  6.16067e+00   9.28219e-03  -2.03235e+01
  6.17817e+00   6.81528e-03  -2.16652e+01
  6.19567e+00   4.73033e-03  -2.32511e+01
  6.21317e+00   3.02613e-03  -2.51911e+01
  6.23067e+00   1.70168e-03  -2.76912e+01
  6.24818e+00   7.56187e-04  -3.12137e+01
  6.26568e+00   1.89075e-04  -3.72337e+01
  6.28318e+00   1.00000e-32  -3.20000e+02
