 -18.84953   -0.00000
 -18.70169   -0.00788
 -18.55385   -0.01571
 -18.40601   -0.02332
 -18.25817   -0.03053
 -18.11033   -0.03720
 -17.96249   -0.04316
 -17.81465   -0.04826
 -17.66681   -0.05239
 -17.51897   -0.05544
 -17.37113   -0.05732
 -17.22330   -0.05797
 -17.07546   -0.05736
 -16.92762   -0.05547
 -16.77978   -0.05233
 -16.63194   -0.04798
 -16.48410   -0.04250
 -16.33626   -0.03598
 -16.18842   -0.02855
 -16.04058   -0.02036
 -15.89274   -0.01156
 -15.74490   -0.00235
 -15.59706    0.00710
 -15.44922    0.01656
 -15.30138    0.02585
 -15.15354    0.03474
 -15.00570    0.04305
 -14.85786    0.05057
 -14.71002    0.05713
 -14.56218    0.06256
 -14.41434    0.06673
 -14.26650    0.06951
 -14.11867    0.07082
 -13.97083    0.07059
 -13.82299    0.06880
 -13.67515    0.06546
 -13.52731    0.06060
 -13.37947    0.05429
 -13.23163    0.04665
 -13.08379    0.03781
 -12.93595    0.02792
 -12.78811    0.01720
 -12.64027    0.00584
 -12.49243   -0.00591
 -12.34459   -0.01782
 -12.19675   -0.02962
 -12.04891   -0.04106
 -11.90107   -0.05187
 -11.75323   -0.06181
 -11.60539   -0.07064
 -11.45755   -0.07813
 -11.30971   -0.08409
 -11.16187   -0.08835
 -11.01403   -0.09078
 -10.86620   -0.09126
 -10.71836   -0.08974
 -10.57052   -0.08618
 -10.42268   -0.08063
 -10.27484   -0.07312
 -10.12700   -0.06378
  -9.97916   -0.05275
  -9.83132   -0.04022
  -9.68348   -0.02642
  -9.53564   -0.01160
  -9.38780    0.00394
  -9.23996    0.01989
  -9.09212    0.03592
  -8.94428    0.05168
  -8.79644    0.06682
  -8.64860    0.08100
  -8.50076    0.09388
  -8.35292    0.10512
  -8.20508    0.11444
  -8.05724    0.12156
  -7.90940    0.12624
  -7.76157    0.12829
  -7.61373    0.12757
  -7.46589    0.12398
  -7.31805    0.11749
  -7.17021    0.10811
  -7.02237    0.09593
  -6.87453    0.08109
  -6.72669    0.06379
  -6.57885    0.04429
  -6.43101    0.02290
  -6.28317   -0.00000
  -6.13533   -0.02401
  -5.98749   -0.04867
  -5.83965   -0.07349
  -5.69181   -0.09795
  -5.54397   -0.12152
  -5.39613   -0.14366
  -5.24829   -0.16383
  -5.10045   -0.18148
  -4.95261   -0.19612
  -4.80477   -0.20724
  -4.65694   -0.21440
  -4.50910   -0.21721
  -4.36126   -0.21530
  -4.21342   -0.20840
  -4.06558   -0.19628
  -3.91774   -0.17881
  -3.76990   -0.15591
  -3.62206   -0.12760
  -3.47422   -0.09399
  -3.32638   -0.05524
  -3.17854   -0.01162
  -3.03070    0.03651
  -2.88286    0.08875
  -2.73502    0.14459
  -2.58718    0.20348
  -2.43934    0.26480
  -2.29150    0.32788
  -2.14366    0.39202
  -1.99582    0.45647
  -1.84798    0.52047
  -1.70014    0.58327
  -1.55231    0.64409
  -1.40447    0.70219
  -1.25663    0.75683
  -1.10879    0.80733
  -0.96095    0.85305
  -0.81311    0.89340
  -0.66527    0.92785
  -0.51743    0.95597
  -0.36959    0.97739
  -0.22175    0.99182
  -0.07391    0.99909
   0.07393    0.99909
   0.22177    0.99182
   0.36961    0.97739
   0.51745    0.95597
   0.66529    0.92785
   0.81313    0.89339
   0.96097    0.85304
   1.10881    0.80733
   1.25665    0.75682
   1.40449    0.70218
   1.55233    0.64409
   1.70016    0.58326
   1.84800    0.52047
   1.99584    0.45646
   2.14368    0.39201
   2.29152    0.32787
   2.43936    0.26479
   2.58720    0.20347
   2.73504    0.14458
   2.88288    0.08874
   3.03072    0.03651
   3.17856   -0.01163
   3.32640   -0.05524
   3.47424   -0.09399
   3.62208   -0.12761
   3.76992   -0.15592
   3.91776   -0.17881
   4.06560   -0.19629
   4.21344   -0.20840
   4.36128   -0.21530
   4.50912   -0.21721
   4.65696   -0.21440
   4.80479   -0.20724
   4.95263   -0.19611
   5.10047   -0.18148
   5.24831   -0.16382
   5.39615   -0.14366
   5.54399   -0.12152
   5.69183   -0.09794
   5.83967   -0.07348
   5.98751   -0.04867
   6.13535   -0.02401
   6.28319    0.00000
   6.43103    0.02291
   6.57887    0.04429
   6.72671    0.06379
   6.87455    0.08110
   7.02239    0.09594
   7.17023    0.10811
   7.31807    0.11749
   7.46591    0.12398
   7.61375    0.12757
   7.76159    0.12829
   7.90942    0.12624
   8.05726    0.12156
   8.20510    0.11444
   8.35294    0.10512
   8.50078    0.09388
   8.64862    0.08100
   8.79646    0.06682
   8.94430    0.05168
   9.09214    0.03591
   9.23998    0.01989
   9.38782    0.00394
   9.53566   -0.01160
   9.68350   -0.02642
   9.83134   -0.04022
   9.97918   -0.05275
  10.12702   -0.06378
  10.27486   -0.07312
  10.42270   -0.08063
  10.57054   -0.08619
  10.71838   -0.08974
  10.86622   -0.09126
  11.01405   -0.09078
  11.16189   -0.08835
  11.30973   -0.08409
  11.45757   -0.07813
  11.60541   -0.07063
  11.75325   -0.06181
  11.90109   -0.05187
  12.04893   -0.04105
  12.19677   -0.02962
  12.34461   -0.01782
  12.49245   -0.00591
  12.64029    0.00584
  12.78813    0.01720
  12.93597    0.02793
  13.08381    0.03781
  13.23165    0.04665
  13.37949    0.05429
  13.52733    0.06060
  13.67517    0.06546
  13.82301    0.06880
  13.97085    0.07059
  14.11869    0.07082
  14.26652    0.06951
  14.41436    0.06673
  14.56220    0.06256
  14.71004    0.05713
  14.85788    0.05057
  15.00572    0.04305
  15.15356    0.03474
  15.30140    0.02584
  15.44924    0.01656
  15.59708    0.00709
  15.74492   -0.00235
  15.89276   -0.01156
  16.04060   -0.02036
  16.18844   -0.02855
  16.33628   -0.03598
  16.48412   -0.04250
  16.63196   -0.04798
  16.77980   -0.05233
  16.92764   -0.05547
  17.07548   -0.05736
  17.22332   -0.05797
  17.37115   -0.05732
  17.51899   -0.05544
  17.66683   -0.05239
  17.81467   -0.04826
  17.96251   -0.04316
  18.11035   -0.03720
  18.25819   -0.03053
  18.40603   -0.02331
  18.55387   -0.01571
  18.70171   -0.00788
  18.84955   -0.00000
