   -7.98307e+03    -0.00000e+00    -6.37100e+03    -0.00000e+00
   -7.98165e+03    -1.96707e+02    -6.36907e+03    -1.56965e+02
   -7.97737e+03    -3.93442e+02    -6.36327e+03    -3.13835e+02
   -7.97023e+03    -5.90233e+02    -6.35360e+03    -4.70514e+02
   -7.96024e+03    -7.87109e+02    -6.34008e+03    -6.26908e+02
   -7.94737e+03    -9.84097e+02    -6.32271e+03    -7.82921e+02
   -7.93162e+03    -1.18122e+03    -6.30150e+03    -9.38458e+02
   -7.91297e+03    -1.37852e+03    -6.27647e+03    -1.09343e+03
   -7.89140e+03    -1.57601e+03    -6.24763e+03    -1.24773e+03
   -7.86691e+03    -1.77373e+03    -6.21499e+03    -1.40128e+03
   -7.83945e+03    -1.97170e+03    -6.17858e+03    -1.55397e+03
   -7.80902e+03    -2.16995e+03    -6.13842e+03    -1.70573e+03
   -7.77558e+03    -2.36851e+03    -6.09453e+03    -1.85644e+03
   -7.73910e+03    -2.56740e+03    -6.04694e+03    -2.00603e+03
   -7.69955e+03    -2.76665e+03    -5.99568e+03    -2.15440e+03
   -7.65690e+03    -2.96630e+03    -5.94078e+03    -2.30147e+03
   -7.61109e+03    -3.16636e+03    -5.88228e+03    -2.44714e+03
   -7.56210e+03    -3.36686e+03    -5.82020e+03    -2.59132e+03
   -7.50988e+03    -3.56784e+03    -5.75459e+03    -2.73393e+03
   -7.45437e+03    -3.76931e+03    -5.68549e+03    -2.87487e+03
   -7.39553e+03    -3.97131e+03    -5.61293e+03    -3.01408e+03
   -7.33330e+03    -4.17386e+03    -5.53697e+03    -3.15145e+03
   -7.26762e+03    -4.37698e+03    -5.45764e+03    -3.28691e+03
   -7.19844e+03    -4.58071e+03    -5.37501e+03    -3.42037e+03
   -7.12568e+03    -4.78507e+03    -5.28910e+03    -3.55176e+03
   -7.04927e+03    -4.99007e+03    -5.19999e+03    -3.68099e+03
   -6.96916e+03    -5.19576e+03    -5.10772e+03    -3.80799e+03
   -6.88524e+03    -5.40214e+03    -5.01235e+03    -3.93268e+03
   -6.79745e+03    -5.60925e+03    -4.91394e+03    -4.05497e+03
   -6.70571e+03    -5.81710e+03    -4.81255e+03    -4.17481e+03
   -6.60991e+03    -6.02572e+03    -4.70823e+03    -4.29211e+03
   -6.50997e+03    -6.23513e+03    -4.60105e+03    -4.40681e+03
   -6.40578e+03    -6.44536e+03    -4.49108e+03    -4.51883e+03
   -6.29725e+03    -6.65641e+03    -4.37839e+03    -4.62811e+03
   -6.18427e+03    -6.86831e+03    -4.26303e+03    -4.73457e+03
   -6.06671e+03    -7.08109e+03    -4.14509e+03    -4.83817e+03
   -5.94447e+03    -7.29474e+03    -4.02464e+03    -4.93882e+03
   -5.81741e+03    -7.50929e+03    -3.90173e+03    -5.03648e+03
   -5.68540e+03    -7.72476e+03    -3.77646e+03    -5.13108e+03
   -5.54832e+03    -7.94115e+03    -3.64890e+03    -5.22256e+03
   -5.40601e+03    -8.15847e+03    -3.51912e+03    -5.31088e+03
   -5.25833e+03    -8.37674e+03    -3.38721e+03    -5.39597e+03
   -5.10512e+03    -8.59597e+03    -3.25324e+03    -5.47778e+03
   -4.94621e+03    -8.81614e+03    -3.11729e+03    -5.55627e+03
   -4.78144e+03    -9.03728e+03    -2.97945e+03    -5.63139e+03
   -4.61063e+03    -9.25937e+03    -2.83980e+03    -5.70308e+03
   -4.43359e+03    -9.48241e+03    -2.69843e+03    -5.77132e+03
   -4.25013e+03    -9.70641e+03    -2.55542e+03    -5.83605e+03
   -4.06005e+03    -9.93133e+03    -2.41086e+03    -5.89724e+03
   -3.86314e+03    -1.01572e+04    -2.26484e+03    -5.95484e+03
   -3.65917e+03    -1.03839e+04    -2.11744e+03    -6.00884e+03
   -3.44792e+03    -1.06116e+04    -1.96875e+03    -6.05918e+03
   -3.22915e+03    -1.08401e+04    -1.81887e+03    -6.10585e+03
   -3.00262e+03    -1.10694e+04    -1.66789e+03    -6.14880e+03
   -2.76805e+03    -1.12995e+04    -1.51589e+03    -6.18803e+03
   -2.52519e+03    -1.15303e+04    -1.36297e+03    -6.22350e+03
   -2.27375e+03    -1.17618e+04    -1.20923e+03    -6.25519e+03
   -2.01345e+03    -1.19940e+04    -1.05475e+03    -6.28308e+03
   -1.74397e+03    -1.22267e+04    -8.99632e+02    -6.30716e+03
   -1.46501e+03    -1.24599e+04    -7.43967e+02    -6.32741e+03
   -1.17624e+03    -1.26935e+04    -5.87850e+02    -6.34382e+03
   -8.77316e+02    -1.29274e+04    -4.31376e+02    -6.35638e+03
   -5.67890e+02    -1.31615e+04    -2.74640e+02    -6.36508e+03
   -2.47596e+02    -1.33956e+04    -1.17737e+02    -6.36991e+03
    8.39418e+01    -1.36297e+04     3.92365e+01    -6.37088e+03
    4.27115e+02    -1.38636e+04     1.96187e+02    -6.36798e+03
    7.82327e+02    -1.40972e+04     3.53018e+02    -6.36121e+03
    1.14999e+03    -1.43301e+04     5.09635e+02    -6.35058e+03
    1.53055e+03    -1.45624e+04     6.65942e+02    -6.33610e+03
    1.92443e+03    -1.47937e+04     8.21845e+02    -6.31777e+03
    2.33210e+03    -1.50238e+04     9.77249e+02    -6.29560e+03
    2.75402e+03    -1.52524e+04     1.13206e+03    -6.26962e+03
    3.19067e+03    -1.54793e+04     1.28618e+03    -6.23982e+03
    3.64254e+03    -1.57041e+04     1.43953e+03    -6.20624e+03
    4.11013e+03    -1.59265e+04     1.59200e+03    -6.16889e+03
    4.59395e+03    -1.61462e+04     1.74350e+03    -6.12779e+03
    5.09452e+03    -1.63626e+04     1.89394e+03    -6.08298e+03
    5.61236e+03    -1.65755e+04     2.04324e+03    -6.03447e+03
    6.14800e+03    -1.67843e+04     2.19129e+03    -5.98230e+03
    6.70196e+03    -1.69884e+04     2.33801e+03    -5.92650e+03
    7.27476e+03    -1.71874e+04     2.48332e+03    -5.86709e+03
    7.86694e+03    -1.73806e+04     2.62711e+03    -5.80413e+03
    8.47899e+03    -1.75673e+04     2.76931e+03    -5.73764e+03
    9.11143e+03    -1.77469e+04     2.90983e+03    -5.66767e+03
    9.76473e+03    -1.79186e+04     3.04859e+03    -5.59426e+03
    1.04394e+04    -1.80816e+04     3.18549e+03    -5.51745e+03
    1.11357e+04    -1.82349e+04     3.32046e+03    -5.43730e+03
    1.18542e+04    -1.83777e+04     3.45341e+03    -5.35384e+03
    1.25952e+04    -1.85088e+04     3.58427e+03    -5.26713e+03
    1.33590e+04    -1.86274e+04     3.71295e+03    -5.17722e+03
    1.41458e+04    -1.87321e+04     3.83938e+03    -5.08418e+03
    1.49557e+04    -1.88218e+04     3.96347e+03    -4.98804e+03
    1.57888e+04    -1.88951e+04     4.08516e+03    -4.88888e+03
    1.66451e+04    -1.89507e+04     4.20437e+03    -4.78674e+03
    1.75244e+04    -1.89872e+04     4.32103e+03    -4.68171e+03
    1.84264e+04    -1.90030e+04     4.43506e+03    -4.57383e+03
    1.93507e+04    -1.89965e+04     4.54640e+03    -4.46317e+03
    2.02967e+04    -1.89661e+04     4.65498e+03    -4.34980e+03
    2.12636e+04    -1.89100e+04     4.76074e+03    -4.23380e+03
    2.22503e+04    -1.88265e+04     4.86360e+03    -4.11522e+03
    2.32557e+04    -1.87138e+04     4.96351e+03    -3.99414e+03
    2.42782e+04    -1.85701e+04     5.06041e+03    -3.87064e+03
    2.53161e+04    -1.83933e+04     5.15424e+03    -3.74479e+03
    2.63675e+04    -1.81818e+04     5.24494e+03    -3.61667e+03
    2.74299e+04    -1.79336e+04     5.33245e+03    -3.48635e+03
    2.85007e+04    -1.76470e+04     5.41673e+03    -3.35391e+03
    2.95769e+04    -1.73201e+04     5.49771e+03    -3.21944e+03
    3.06552e+04    -1.69514e+04     5.57536e+03    -3.08301e+03
    3.17318e+04    -1.65393e+04     5.64963e+03    -2.94471e+03
    3.28028e+04    -1.60826e+04     5.72046e+03    -2.80463e+03
    3.38638e+04    -1.55799e+04     5.78783e+03    -2.66284e+03
    3.49101e+04    -1.50305e+04     5.85168e+03    -2.51943e+03
    3.59365e+04    -1.44336e+04     5.91197e+03    -2.37450e+03
    3.69380e+04    -1.37890e+04     5.96868e+03    -2.22812e+03
    3.79089e+04    -1.30967e+04     6.02176e+03    -2.08039e+03
    3.88434e+04    -1.23571e+04     6.07119e+03    -1.93140e+03
    3.97359e+04    -1.15710e+04     6.11693e+03    -1.78124e+03
    4.05804e+04    -1.07397e+04     6.15896e+03    -1.62999e+03
    4.13710e+04    -9.86505e+03     6.19725e+03    -1.47775e+03
    4.21020e+04    -8.94918e+03     6.23178e+03    -1.32462e+03
    4.27679e+04    -7.99482e+03     6.26252e+03    -1.17068e+03
    4.33635e+04    -7.00519e+03     6.28946e+03    -1.01604e+03
    4.38837e+04    -5.98390e+03     6.31258e+03    -8.60772e+02
    4.43245e+04    -4.93504e+03     6.33188e+03    -7.04985e+02
    4.46818e+04    -3.86305e+03     6.34732e+03    -5.48769e+02
    4.49526e+04    -2.77270e+03     6.35892e+03    -3.92221e+02
    4.51346e+04    -1.66905e+03     6.36665e+03    -2.35435e+02
    4.52260e+04    -5.57330e+02     6.37052e+03    -7.85054e+01
    4.52260e+04     5.57090e+02     6.37052e+03     7.84716e+01
    4.51346e+04     1.66881e+03     6.36665e+03     2.35401e+02
    4.49527e+04     2.77246e+03     6.35892e+03     3.92187e+02
    4.46819e+04     3.86281e+03     6.34733e+03     5.48736e+02
    4.43245e+04     4.93481e+03     6.33188e+03     7.04951e+02
    4.38839e+04     5.98368e+03     6.31259e+03     8.60738e+02
    4.33636e+04     7.00497e+03     6.28947e+03     1.01600e+03
    4.27681e+04     7.99461e+03     6.26253e+03     1.17065e+03
    4.21022e+04     8.94897e+03     6.23178e+03     1.32459e+03
    4.13712e+04     9.86486e+03     6.19726e+03     1.47772e+03
    4.05806e+04     1.07396e+04     6.15897e+03     1.62996e+03
    3.97361e+04     1.15708e+04     6.11694e+03     1.78120e+03
    3.88436e+04     1.23569e+04     6.07120e+03     1.93137e+03
    3.79091e+04     1.30966e+04     6.02177e+03     2.08036e+03
    3.69382e+04     1.37889e+04     5.96869e+03     2.22809e+03
    3.59368e+04     1.44335e+04     5.91198e+03     2.37447e+03
    3.49103e+04     1.50304e+04     5.85169e+03     2.51940e+03
    3.38641e+04     1.55798e+04     5.78784e+03     2.66281e+03
    3.28031e+04     1.60825e+04     5.72048e+03     2.80460e+03
    3.17321e+04     1.65393e+04     5.64964e+03     2.94468e+03
    3.06554e+04     1.69513e+04     5.57538e+03     3.08298e+03
    2.95771e+04     1.73200e+04     5.49773e+03     3.21941e+03
    2.85009e+04     1.76469e+04     5.41674e+03     3.35388e+03
    2.74301e+04     1.79336e+04     5.33247e+03     3.48632e+03
    2.63677e+04     1.81818e+04     5.24496e+03     3.61664e+03
    2.53164e+04     1.83933e+04     5.15426e+03     3.74476e+03
    2.42784e+04     1.85700e+04     5.06043e+03     3.87061e+03
    2.32559e+04     1.87138e+04     4.96354e+03     3.99412e+03
    2.22505e+04     1.88265e+04     4.86362e+03     4.11519e+03
    2.12638e+04     1.89100e+04     4.76076e+03     4.23377e+03
    2.02969e+04     1.89661e+04     4.65501e+03     4.34978e+03
    1.93509e+04     1.89965e+04     4.54643e+03     4.46315e+03
    1.84266e+04     1.90030e+04     4.43509e+03     4.57380e+03
    1.75246e+04     1.89872e+04     4.32105e+03     4.68168e+03
    1.66453e+04     1.89507e+04     4.20440e+03     4.78672e+03
    1.57890e+04     1.88951e+04     4.08519e+03     4.88885e+03
    1.49559e+04     1.88218e+04     3.96350e+03     4.98802e+03
    1.41459e+04     1.87321e+04     3.83940e+03     5.08416e+03
    1.33592e+04     1.86274e+04     3.71298e+03     5.17720e+03
    1.25954e+04     1.85089e+04     3.58430e+03     5.26711e+03
    1.18544e+04     1.83777e+04     3.45344e+03     5.35382e+03
    1.11359e+04     1.82349e+04     3.32049e+03     5.43728e+03
    1.04395e+04     1.80816e+04     3.18552e+03     5.51744e+03
    9.76487e+03     1.79186e+04     3.04862e+03     5.59425e+03
    9.11157e+03     1.77470e+04     2.90986e+03     5.66766e+03
    8.47913e+03     1.75674e+04     2.76934e+03     5.73763e+03
    7.86707e+03     1.73806e+04     2.62714e+03     5.80412e+03
    7.27489e+03     1.71874e+04     2.48335e+03     5.86708e+03
    6.70208e+03     1.69885e+04     2.33804e+03     5.92648e+03
    6.14812e+03     1.67843e+04     2.19132e+03     5.98229e+03
    5.61248e+03     1.65755e+04     2.04327e+03     6.03446e+03
    5.09463e+03     1.63627e+04     1.89397e+03     6.08297e+03
    4.59406e+03     1.61462e+04     1.74353e+03     6.12779e+03
    4.11023e+03     1.59266e+04     1.59203e+03     6.16888e+03
    3.64264e+03     1.57041e+04     1.43956e+03     6.20623e+03
    3.19076e+03     1.54793e+04     1.28622e+03     6.23982e+03
    2.75411e+03     1.52524e+04     1.13209e+03     6.26961e+03
    2.33219e+03     1.50238e+04     9.77283e+02     6.29560e+03
    1.92452e+03     1.47937e+04     8.21879e+02     6.31777e+03
    1.53063e+03     1.45624e+04     6.65976e+02     6.33610e+03
    1.15008e+03     1.43302e+04     5.09668e+02     6.35058e+03
    7.82405e+02     1.40972e+04     3.53052e+02     6.36121e+03
    4.27190e+02     1.38637e+04     1.96221e+02     6.36798e+03
    8.40145e+01     1.36298e+04     3.92704e+01     6.37088e+03
   -2.47526e+02     1.33957e+04    -1.17704e+02     6.36991e+03
   -5.67822e+02     1.31615e+04    -2.74606e+02     6.36508e+03
   -8.77250e+02     1.29274e+04    -4.31342e+02     6.35638e+03
   -1.17618e+03     1.26935e+04    -5.87816e+02     6.34383e+03
   -1.46495e+03     1.24599e+04    -7.43933e+02     6.32742e+03
   -1.74391e+03     1.22267e+04    -8.99599e+02     6.30717e+03
   -2.01339e+03     1.19940e+04    -1.05472e+03     6.28309e+03
   -2.27370e+03     1.17619e+04    -1.20920e+03     6.25520e+03
   -2.52514e+03     1.15304e+04    -1.36294e+03     6.22351e+03
   -2.76800e+03     1.12995e+04    -1.51586e+03     6.18804e+03
   -3.00257e+03     1.10694e+04    -1.66786e+03     6.14881e+03
   -3.22911e+03     1.08401e+04    -1.81884e+03     6.10586e+03
   -3.44788e+03     1.06116e+04    -1.96872e+03     6.05919e+03
   -3.65913e+03     1.03840e+04    -2.11741e+03     6.00885e+03
   -3.86310e+03     1.01572e+04    -2.26481e+03     5.95486e+03
   -4.06001e+03     9.93138e+03    -2.41083e+03     5.89725e+03
   -4.25009e+03     9.70645e+03    -2.55539e+03     5.83606e+03
   -4.43355e+03     9.48246e+03    -2.69840e+03     5.77133e+03
   -4.61059e+03     9.25942e+03    -2.83977e+03     5.70310e+03
   -4.78140e+03     9.03733e+03    -2.97942e+03     5.63140e+03
   -4.94617e+03     8.81619e+03    -3.11726e+03     5.55629e+03
   -5.10508e+03     8.59601e+03    -3.25321e+03     5.47780e+03
   -5.25830e+03     8.37679e+03    -3.38718e+03     5.39599e+03
   -5.40598e+03     8.15852e+03    -3.51909e+03     5.31090e+03
   -5.54829e+03     7.94119e+03    -3.64887e+03     5.22258e+03
   -5.68538e+03     7.72480e+03    -3.77644e+03     5.13110e+03
   -5.81738e+03     7.50934e+03    -3.90171e+03     5.03650e+03
   -5.94444e+03     7.29479e+03    -4.02461e+03     4.93884e+03
   -6.06669e+03     7.08113e+03    -4.14507e+03     4.83819e+03
   -6.18424e+03     6.86836e+03    -4.26301e+03     4.73460e+03
   -6.29723e+03     6.65646e+03    -4.37836e+03     4.62813e+03
   -6.40576e+03     6.44540e+03    -4.49106e+03     4.51885e+03
   -6.50995e+03     6.23518e+03    -4.60103e+03     4.40683e+03
   -6.60989e+03     6.02577e+03    -4.70821e+03     4.29214e+03
   -6.70569e+03     5.81714e+03    -4.81252e+03     4.17484e+03
   -6.79744e+03     5.60929e+03    -4.91392e+03     4.05500e+03
   -6.88522e+03     5.40218e+03    -5.01233e+03     3.93270e+03
   -6.96914e+03     5.19580e+03    -5.10770e+03     3.80802e+03
   -7.04926e+03     4.99012e+03    -5.19997e+03     3.68102e+03
   -7.12566e+03     4.78511e+03    -5.28909e+03     3.55179e+03
   -7.19842e+03     4.58076e+03    -5.37499e+03     3.42040e+03
   -7.26761e+03     4.37703e+03    -5.45763e+03     3.28694e+03
   -7.33328e+03     4.17390e+03    -5.53695e+03     3.15148e+03
   -7.39552e+03     3.97135e+03    -5.61291e+03     3.01411e+03
   -7.45436e+03     3.76936e+03    -5.68547e+03     2.87490e+03
   -7.50987e+03     3.56788e+03    -5.75458e+03     2.73396e+03
   -7.56209e+03     3.36690e+03    -5.82019e+03     2.59135e+03
   -7.61108e+03     3.16640e+03    -5.88226e+03     2.44717e+03
   -7.65689e+03     2.96634e+03    -5.94077e+03     2.30150e+03
   -7.69955e+03     2.76669e+03    -5.99567e+03     2.15444e+03
   -7.73910e+03     2.56744e+03    -6.04693e+03     2.00606e+03
   -7.77557e+03     2.36855e+03    -6.09452e+03     1.85648e+03
   -7.80902e+03     2.16999e+03    -6.13841e+03     1.70576e+03
   -7.83945e+03     1.97174e+03    -6.17857e+03     1.55401e+03
   -7.86690e+03     1.77377e+03    -6.21498e+03     1.40131e+03
   -7.89140e+03     1.57606e+03    -6.24762e+03     1.24776e+03
   -7.91296e+03     1.37856e+03    -6.27646e+03     1.09346e+03
   -7.93161e+03     1.18127e+03    -6.30150e+03     9.38492e+02
   -7.94736e+03     9.84139e+02    -6.32271e+03     7.82954e+02
   -7.96023e+03     7.87151e+02    -6.34008e+03     6.26941e+02
   -7.97023e+03     5.90276e+02    -6.35360e+03     4.70548e+02
   -7.97737e+03     3.93484e+02    -6.36326e+03     3.13869e+02
   -7.98165e+03     1.96749e+02    -6.36907e+03     1.56999e+02
   -7.98307e+03     4.23676e-02    -6.37100e+03     3.38120e-02
