  -3.50000    0.02618
  -3.49299    0.02683
  -3.48599    0.02749
  -3.47898    0.02817
  -3.47197    0.02887
  -3.46496    0.02958
  -3.45796    0.03030
  -3.45095    0.03105
  -3.44394    0.03181
  -3.43694    0.03258
  -3.42993    0.03337
  -3.42292    0.03419
  -3.41592    0.03501
  -3.40891    0.03586
  -3.40190    0.03673
  -3.39489    0.03761
  -3.38789    0.03852
  -3.38088    0.03944
  -3.37387    0.04039
  -3.36687    0.04135
  -3.35986    0.04234
  -3.35285    0.04335
  -3.34585    0.04437
  -3.33884    0.04543
  -3.33183    0.04650
  -3.32482    0.04760
  -3.31782    0.04872
  -3.31081    0.04986
  -3.30380    0.05103
  -3.29680    0.05223
  -3.28979    0.05345
  -3.28278    0.05469
  -3.27578    0.05596
  -3.26877    0.05726
  -3.26176    0.05858
  -3.25475    0.05994
  -3.24775    0.06132
  -3.24074    0.06273
  -3.23373    0.06417
  -3.22673    0.06564
  -3.21972    0.06714
  -3.21271    0.06867
  -3.20571    0.07023
  -3.19870    0.07182
  -3.19169    0.07345
  -3.18468    0.07511
  -3.17768    0.07680
  -3.17067    0.07853
  -3.16366    0.08029
  -3.15666    0.08209
  -3.14965    0.08392
  -3.14264    0.08579
  -3.13564    0.08770
  -3.12863    0.08964
  -3.12162    0.09163
  -3.11461    0.09365
  -3.10761    0.09572
  -3.10060    0.09782
  -3.09359    0.09997
  -3.08659    0.10216
  -3.07958    0.10439
  -3.07257    0.10666
  -3.06557    0.10898
  -3.05856    0.11134
  -3.05155    0.11375
  -3.04454    0.11621
  -3.03754    0.11871
  -3.03053    0.12126
  -3.02352    0.12386
  -3.01652    0.12651
  -3.00951    0.12921
  -3.00250    0.13196
  -2.99550    0.13476
  -2.98849    0.13762
  -2.98148    0.14053
  -2.97447    0.14349
  -2.96747    0.14651
  -2.96046    0.14958
  -2.95345    0.15271
  -2.94645    0.15590
  -2.93944    0.15915
  -2.93243    0.16246
  -2.92543    0.16583
  -2.91842    0.16926
  -2.91141    0.17275
  -2.90440    0.17631
  -2.89740    0.17993
  -2.89039    0.18361
  -2.88338    0.18737
  -2.87638    0.19119
  -2.86937    0.19507
  -2.86236    0.19903
  -2.85536    0.20306
  -2.84835    0.20716
  -2.84134    0.21133
  -2.83433    0.21557
  -2.82733    0.21989
  -2.82032    0.22428
  -2.81331    0.22875
  -2.80631    0.23330
  -2.79930    0.23793
  -2.79229    0.24264
  -2.78529    0.24742
  -2.77828    0.25230
  -2.77127    0.25725
  -2.76426    0.26229
  -2.75726    0.26741
  -2.75025    0.27262
  -2.74324    0.27792
  -2.73624    0.28330
  -2.72923    0.28878
  -2.72222    0.29435
  -2.71522    0.30001
  -2.70821    0.30577
  -2.70120    0.31162
  -2.69419    0.31756
  -2.68719    0.32361
  -2.68018    0.32975
  -2.67317    0.33599
  -2.66617    0.34234
  -2.65916    0.34878
  -2.65215    0.35533
  -2.64515    0.36199
  -2.63814    0.36875
  -2.63113    0.37562
  -2.62412    0.38260
  -2.61712    0.38969
  -2.61011    0.39690
  -2.60310    0.40421
  -2.59610    0.41164
  -2.58909    0.41919
  -2.58208    0.42685
  -2.57508    0.43464
  -2.56807    0.44254
  -2.56106    0.45056
  -2.55405    0.45871
  -2.54705    0.46698
  -2.54004    0.47538
  -2.53303    0.48390
  -2.52603    0.49256
  -2.51902    0.50134
  -2.51201    0.51026
  -2.50501    0.51930
  -2.49800    0.52849
  -2.49099    0.53781
  -2.48398    0.54726
  -2.47698    0.55686
  -2.46997    0.56659
  -2.46296    0.57647
  -2.45596    0.58649
  -2.44895    0.59666
  -2.44194    0.60697
  -2.43493    0.61743
  -2.42793    0.62804
  -2.42092    0.63880
  -2.41391    0.64971
  -2.40691    0.66078
  -2.39990    0.67200
  -2.39289    0.68338
  -2.38589    0.69491
  -2.37888    0.70661
  -2.37187    0.71847
  -2.36486    0.73049
  -2.35786    0.74268
  -2.35085    0.75504
  -2.34384    0.76756
  -2.33684    0.78025
  -2.32983    0.79311
  -2.32282    0.80614
  -2.31582    0.81935
  -2.30881    0.83274
  -2.30180    0.84630
  -2.29479    0.86003
  -2.28779    0.87395
  -2.28078    0.88806
  -2.27377    0.90234
  -2.26677    0.91681
  -2.25976    0.93146
  -2.25275    0.94631
  -2.24575    0.96134
  -2.23874    0.97656
  -2.23173    0.99198
  -2.22472    1.00759
  -2.21772    1.02339
  -2.21071    1.03939
  -2.20370    1.05559
  -2.19670    1.07199
  -2.18969    1.08860
  -2.18268    1.10540
  -2.17568    1.12241
  -2.16867    1.13962
  -2.16166    1.15704
  -2.15465    1.17467
  -2.14765    1.19251
  -2.14064    1.21057
  -2.13363    1.22883
  -2.12663    1.24731
  -2.11962    1.26600
  -2.11261    1.28492
  -2.10561    1.30405
  -2.09860    1.32340
  -2.09159    1.34297
  -2.08458    1.36276
  -2.07758    1.38278
  -2.07057    1.40302
  -2.06356    1.42349
  -2.05656    1.44419
  -2.04955    1.46511
  -2.04254    1.48627
  -2.03554    1.50766
  -2.02853    1.52928
  -2.02152    1.55113
  -2.01451    1.57322
  -2.00751    1.59555
  -2.00050    1.61811
  -1.99349    1.64091
  -1.98649    1.66395
  -1.97948    1.68723
  -1.97247    1.71076
  -1.96547    1.73452
  -1.95846    1.75853
  -1.95145    1.78279
  -1.94444    1.80729
  -1.93744    1.83203
  -1.93043    1.85703
  -1.92342    1.88227
  -1.91642    1.90777
  -1.90941    1.93351
  -1.90240    1.95950
  -1.89540    1.98575
  -1.88839    2.01225
  -1.88138    2.03900
  -1.87437    2.06601
  -1.86737    2.09327
  -1.86036    2.12079
  -1.85335    2.14856
  -1.84635    2.17660
  -1.83934    2.20488
  -1.83233    2.23343
  -1.82533    2.26223
  -1.81832    2.29130
  -1.81131    2.32062
  -1.80430    2.35020
  -1.79730    2.38005
  -1.79029    2.41015
  -1.78328    2.44052
  -1.77628    2.47114
  -1.76927    2.50203
  -1.76226    2.53318
  -1.75526    2.56459
  -1.74825    2.59626
  -1.74124    2.62820
  -1.73423    2.66040
  -1.72723    2.69286
  -1.72022    2.72558
  -1.71321    2.75856
  -1.70621    2.79181
  -1.69920    2.82532
  -1.69219    2.85909
  -1.68519    2.89312
  -1.67818    2.92741
  -1.67117    2.96196
  -1.66416    2.99678
  -1.65716    3.03185
  -1.65015    3.06719
  -1.64314    3.10278
  -1.63614    3.13864
  -1.62913    3.17475
  -1.62212    3.21112
  -1.61512    3.24774
  -1.60811    3.28463
  -1.60110    3.32177
  -1.59409    3.35916
  -1.58709    3.39681
  -1.58008    3.43471
  -1.57307    3.47286
  -1.56607    3.51127
  -1.55906    3.54993
  -1.55205    3.58883
  -1.54505    3.62798
  -1.53804    3.66738
  -1.53103    3.70703
  -1.52402    3.74692
  -1.51702    3.78706
  -1.51001    3.82743
  -1.50300    3.86805
  -1.49600    3.90890
  -1.48899    3.95000
  -1.48198    3.99133
  -1.47497    4.03289
  -1.46797    4.07469
  -1.46096    4.11672
  -1.45395    4.15897
  -1.44695    4.20146
  -1.43994    4.24417
  -1.43293    4.28710
  -1.42593    4.33026
  -1.41892    4.37363
  -1.41191    4.41722
  -1.40490    4.46103
  -1.39790    4.50505
  -1.39089    4.54929
  -1.38388    4.59373
  -1.37688    4.63838
  -1.36987    4.68323
  -1.36286    4.72828
  -1.35586    4.77353
  -1.34885    4.81898
  -1.34184    4.86462
  -1.33483    4.91046
  -1.32783    4.95648
  -1.32082    5.00269
  -1.31381    5.04908
  -1.30681    5.09565
  -1.29980    5.14240
  -1.29279    5.18932
  -1.28579    5.23641
  -1.27878    5.28367
  -1.27177    5.33110
  -1.26476    5.37869
  -1.25776    5.42643
  -1.25075    5.47433
  -1.24374    5.52239
  -1.23674    5.57059
  -1.22973    5.61893
  -1.22272    5.66742
  -1.21572    5.71604
  -1.20871    5.76480
  -1.20170    5.81369
  -1.19469    5.86271
  -1.18769    5.91185
  -1.18068    5.96110
  -1.17367    6.01048
  -1.16667    6.05996
  -1.15966    6.10956
  -1.15265    6.15925
  -1.14565    6.20905
  -1.13864    6.25894
  -1.13163    6.30892
  -1.12462    6.35899
  -1.11762    6.40914
  -1.11061    6.45937
  -1.10360    6.50967
  -1.09660    6.56004
  -1.08959    6.61048
  -1.08258    6.66098
  -1.07558    6.71154
  -1.06857    6.76214
  -1.06156    6.81280
  -1.05455    6.86349
  -1.04755    6.91423
  -1.04054    6.96500
  -1.03353    7.01579
  -1.02653    7.06661
  -1.01952    7.11745
  -1.01251    7.16830
  -1.00551    7.21916
  -0.99850    7.27002
  -0.99149    7.32089
  -0.98448    7.37174
  -0.97748    7.42259
  -0.97047    7.47342
  -0.96346    7.52423
  -0.95646    7.57501
  -0.94945    7.62576
  -0.94244    7.67647
  -0.93544    7.72715
  -0.92843    7.77777
  -0.92142    7.82834
  -0.91441    7.87885
  -0.90741    7.92930
  -0.90040    7.97968
  -0.89339    8.02999
  -0.88639    8.08022
  -0.87938    8.13036
  -0.87237    8.18041
  -0.86537    8.23037
  -0.85836    8.28022
  -0.85135    8.32997
  -0.84434    8.37960
  -0.83734    8.42912
  -0.83033    8.47851
  -0.82332    8.52778
  -0.81632    8.57690
  -0.80931    8.62589
  -0.80230    8.67474
  -0.79530    8.72343
  -0.78829    8.77196
  -0.78128    8.82033
  -0.77427    8.86853
  -0.76727    8.91656
  -0.76026    8.96440
  -0.75325    9.01206
  -0.74625    9.05953
  -0.73924    9.10681
  -0.73223    9.15387
  -0.72523    9.20074
  -0.71822    9.24738
  -0.71121    9.29381
  -0.70420    9.34001
  -0.69720    9.38598
  -0.69019    9.43172
  -0.68318    9.47721
  -0.67618    9.52245
  -0.66917    9.56744
  -0.66216    9.61217
  -0.65516    9.65663
  -0.64815    9.70083
  -0.64114    9.74475
  -0.63413    9.78838
  -0.62713    9.83173
  -0.62012    9.87479
  -0.61311    9.91755
  -0.60611    9.96000
  -0.59910   10.00214
  -0.59209   10.04397
  -0.58509   10.08548
  -0.57808   10.12667
  -0.57107   10.16752
  -0.56406   10.20803
  -0.55706   10.24821
  -0.55005   10.28804
  -0.54304   10.32751
  -0.53604   10.36663
  -0.52903   10.40538
  -0.52202   10.44377
  -0.51502   10.48179
  -0.50801   10.51942
  -0.50100   10.55667
  -0.49399   10.59354
  -0.48699   10.63001
  -0.47998   10.66608
  -0.47297   10.70175
  -0.46597   10.73702
  -0.45896   10.77186
  -0.45195   10.80630
  -0.44494   10.84031
  -0.43794   10.87389
  -0.43093   10.90704
  -0.42392   10.93976
  -0.41692   10.97203
  -0.40991   11.00386
  -0.40290   11.03524
  -0.39590   11.06617
  -0.38889   11.09664
  -0.38188   11.12664
  -0.37487   11.15618
  -0.36787   11.18525
  -0.36086   11.21384
  -0.35385   11.24196
  -0.34685   11.26959
  -0.33984   11.29673
  -0.33283   11.32339
  -0.32583   11.34955
  -0.31882   11.37521
  -0.31181   11.40037
  -0.30480   11.42503
  -0.29780   11.44917
  -0.29079   11.47281
  -0.28378   11.49593
  -0.27678   11.51852
  -0.26977   11.54060
  -0.26276   11.56215
  -0.25576   11.58318
  -0.24875   11.60367
  -0.24174   11.62363
  -0.23473   11.64305
  -0.22773   11.66193
  -0.22072   11.68026
  -0.21371   11.69805
  -0.20671   11.71530
  -0.19970   11.73199
  -0.19269   11.74813
  -0.18569   11.76371
  -0.17868   11.77874
  -0.17167   11.79321
  -0.16466   11.80711
  -0.15766   11.82045
  -0.15065   11.83323
  -0.14364   11.84543
  -0.13664   11.85707
  -0.12963   11.86814
  -0.12262   11.87863
  -0.11562   11.88855
  -0.10861   11.89789
  -0.10160   11.90666
  -0.09459   11.91485
  -0.08759   11.92245
  -0.08058   11.92948
  -0.07357   11.93592
  -0.06657   11.94179
  -0.05956   11.94706
  -0.05255   11.95176
  -0.04555   11.95587
  -0.03854   11.95939
  -0.03153   11.96233
  -0.02452   11.96467
  -0.01752   11.96644
  -0.01051   11.96761
  -0.00350   11.96820
   0.00350   11.96820
   0.01051   11.96761
   0.01752   11.96644
   0.02452   11.96467
   0.03153   11.96233
   0.03854   11.95939
   0.04555   11.95587
   0.05255   11.95176
   0.05956   11.94706
   0.06657   11.94179
   0.07357   11.93592
   0.08058   11.92948
   0.08759   11.92245
   0.09459   11.91485
   0.10160   11.90666
   0.10861   11.89789
   0.11562   11.88855
   0.12262   11.87863
   0.12963   11.86814
   0.13664   11.85707
   0.14364   11.84543
   0.15065   11.83323
   0.15766   11.82045
   0.16466   11.80711
   0.17167   11.79321
   0.17868   11.77874
   0.18569   11.76371
   0.19269   11.74813
   0.19970   11.73199
   0.20671   11.71530
   0.21371   11.69805
   0.22072   11.68026
   0.22773   11.66193
   0.23473   11.64305
   0.24174   11.62363
   0.24875   11.60367
   0.25576   11.58318
   0.26276   11.56215
   0.26977   11.54060
   0.27678   11.51852
   0.28378   11.49593
   0.29079   11.47281
   0.29780   11.44917
   0.30480   11.42503
   0.31181   11.40037
   0.31882   11.37521
   0.32583   11.34955
   0.33283   11.32339
   0.33984   11.29673
   0.34685   11.26959
   0.35385   11.24196
   0.36086   11.21384
   0.36787   11.18525
   0.37487   11.15618
   0.38188   11.12664
   0.38889   11.09664
   0.39590   11.06617
   0.40290   11.03524
   0.40991   11.00386
   0.41692   10.97203
   0.42392   10.93976
   0.43093   10.90704
   0.43794   10.87389
   0.44494   10.84031
   0.45195   10.80630
   0.45896   10.77186
   0.46597   10.73702
   0.47297   10.70175
   0.47998   10.66608
   0.48699   10.63001
   0.49399   10.59354
   0.50100   10.55667
   0.50801   10.51942
   0.51502   10.48179
   0.52202   10.44377
   0.52903   10.40538
   0.53604   10.36663
   0.54304   10.32751
   0.55005   10.28804
   0.55706   10.24821
   0.56406   10.20803
   0.57107   10.16752
   0.57808   10.12667
   0.58509   10.08548
   0.59209   10.04397
   0.59910   10.00214
   0.60611    9.96000
   0.61311    9.91755
   0.62012    9.87479
   0.62713    9.83173
   0.63413    9.78838
   0.64114    9.74475
   0.64815    9.70083
   0.65516    9.65663
   0.66216    9.61217
   0.66917    9.56744
   0.67618    9.52245
   0.68318    9.47721
   0.69019    9.43172
   0.69720    9.38598
   0.70420    9.34001
   0.71121    9.29381
   0.71822    9.24738
   0.72523    9.20074
   0.73223    9.15387
   0.73924    9.10681
   0.74625    9.05953
   0.75325    9.01206
   0.76026    8.96440
   0.76727    8.91656
   0.77427    8.86853
   0.78128    8.82033
   0.78829    8.77196
   0.79530    8.72343
   0.80230    8.67474
   0.80931    8.62589
   0.81632    8.57690
   0.82332    8.52778
   0.83033    8.47851
   0.83734    8.42912
   0.84434    8.37960
   0.85135    8.32997
   0.85836    8.28022
   0.86537    8.23037
   0.87237    8.18041
   0.87938    8.13036
   0.88639    8.08022
   0.89339    8.02999
   0.90040    7.97968
   0.90741    7.92930
   0.91441    7.87885
   0.92142    7.82834
   0.92843    7.77777
   0.93544    7.72715
   0.94244    7.67647
   0.94945    7.62576
   0.95646    7.57501
   0.96346    7.52423
   0.97047    7.47342
   0.97748    7.42259
   0.98448    7.37174
   0.99149    7.32089
   0.99850    7.27002
   1.00551    7.21916
   1.01251    7.16830
   1.01952    7.11745
   1.02653    7.06661
   1.03353    7.01579
   1.04054    6.96500
   1.04755    6.91423
   1.05455    6.86349
   1.06156    6.81280
   1.06857    6.76214
   1.07558    6.71154
   1.08258    6.66098
   1.08959    6.61048
   1.09660    6.56004
   1.10360    6.50967
   1.11061    6.45937
   1.11762    6.40914
   1.12462    6.35899
   1.13163    6.30892
   1.13864    6.25894
   1.14565    6.20905
   1.15265    6.15925
   1.15966    6.10956
   1.16667    6.05996
   1.17367    6.01048
   1.18068    5.96110
   1.18769    5.91185
   1.19469    5.86271
   1.20170    5.81369
   1.20871    5.76480
   1.21572    5.71604
   1.22272    5.66742
   1.22973    5.61893
   1.23674    5.57059
   1.24374    5.52239
   1.25075    5.47433
   1.25776    5.42643
   1.26476    5.37869
   1.27177    5.33110
   1.27878    5.28367
   1.28579    5.23641
   1.29279    5.18932
   1.29980    5.14240
   1.30681    5.09565
   1.31381    5.04908
   1.32082    5.00269
   1.32783    4.95648
   1.33483    4.91046
   1.34184    4.86462
   1.34885    4.81898
   1.35586    4.77353
   1.36286    4.72828
   1.36987    4.68323
   1.37688    4.63838
   1.38388    4.59373
   1.39089    4.54929
   1.39790    4.50505
   1.40490    4.46103
   1.41191    4.41722
   1.41892    4.37363
   1.42593    4.33026
   1.43293    4.28710
   1.43994    4.24417
   1.44695    4.20146
   1.45395    4.15897
   1.46096    4.11672
   1.46797    4.07469
   1.47497    4.03289
   1.48198    3.99133
   1.48899    3.95000
   1.49600    3.90890
   1.50300    3.86805
   1.51001    3.82743
   1.51702    3.78706
   1.52402    3.74692
   1.53103    3.70703
   1.53804    3.66738
   1.54505    3.62798
   1.55205    3.58883
   1.55906    3.54993
   1.56607    3.51127
   1.57307    3.47286
   1.58008    3.43471
   1.58709    3.39681
   1.59409    3.35916
   1.60110    3.32177
   1.60811    3.28463
   1.61512    3.24774
   1.62212    3.21112
   1.62913    3.17475
   1.63614    3.13864
   1.64314    3.10278
   1.65015    3.06719
   1.65716    3.03185
   1.66416    2.99678
   1.67117    2.96196
   1.67818    2.92741
   1.68519    2.89312
   1.69219    2.85909
   1.69920    2.82532
   1.70621    2.79181
   1.71321    2.75856
   1.72022    2.72558
   1.72723    2.69286
   1.73423    2.66040
   1.74124    2.62820
   1.74825    2.59626
   1.75526    2.56459
   1.76226    2.53318
   1.76927    2.50203
   1.77628    2.47114
   1.78328    2.44052
   1.79029    2.41015
   1.79730    2.38005
   1.80430    2.35020
   1.81131    2.32062
   1.81832    2.29130
   1.82533    2.26223
   1.83233    2.23343
   1.83934    2.20488
   1.84635    2.17660
   1.85335    2.14856
   1.86036    2.12079
   1.86737    2.09327
   1.87437    2.06601
   1.88138    2.03900
   1.88839    2.01225
   1.89540    1.98575
   1.90240    1.95950
   1.90941    1.93351
   1.91642    1.90777
   1.92342    1.88227
   1.93043    1.85703
   1.93744    1.83203
   1.94444    1.80729
   1.95145    1.78279
   1.95846    1.75853
   1.96547    1.73452
   1.97247    1.71076
   1.97948    1.68723
   1.98649    1.66395
   1.99349    1.64091
   2.00050    1.61811
   2.00751    1.59555
   2.01451    1.57322
   2.02152    1.55113
   2.02853    1.52928
   2.03554    1.50766
   2.04254    1.48627
   2.04955    1.46511
   2.05656    1.44419
   2.06356    1.42349
   2.07057    1.40302
   2.07758    1.38278
   2.08458    1.36276
   2.09159    1.34297
   2.09860    1.32340
   2.10561    1.30405
   2.11261    1.28492
   2.11962    1.26600
   2.12663    1.24731
   2.13363    1.22883
   2.14064    1.21057
   2.14765    1.19251
   2.15465    1.17467
   2.16166    1.15704
   2.16867    1.13962
   2.17568    1.12241
   2.18268    1.10540
   2.18969    1.08860
   2.19670    1.07199
   2.20370    1.05559
   2.21071    1.03939
   2.21772    1.02339
   2.22472    1.00759
   2.23173    0.99198
   2.23874    0.97656
   2.24575    0.96134
   2.25275    0.94631
   2.25976    0.93146
   2.26677    0.91681
   2.27377    0.90234
   2.28078    0.88806
   2.28779    0.87395
   2.29479    0.86003
   2.30180    0.84630
   2.30881    0.83274
   2.31582    0.81935
   2.32282    0.80614
   2.32983    0.79311
   2.33684    0.78025
   2.34384    0.76756
   2.35085    0.75504
   2.35786    0.74268
   2.36486    0.73049
   2.37187    0.71847
   2.37888    0.70661
   2.38589    0.69491
   2.39289    0.68338
   2.39990    0.67200
   2.40691    0.66078
   2.41391    0.64971
   2.42092    0.63880
   2.42793    0.62804
   2.43493    0.61743
   2.44194    0.60697
   2.44895    0.59666
   2.45596    0.58649
   2.46296    0.57647
   2.46997    0.56659
   2.47698    0.55686
   2.48398    0.54726
   2.49099    0.53781
   2.49800    0.52849
   2.50501    0.51930
   2.51201    0.51026
   2.51902    0.50134
   2.52603    0.49256
   2.53303    0.48390
   2.54004    0.47538
   2.54705    0.46698
   2.55405    0.45871
   2.56106    0.45056
   2.56807    0.44254
   2.57508    0.43464
   2.58208    0.42685
   2.58909    0.41919
   2.59610    0.41164
   2.60310    0.40421
   2.61011    0.39690
   2.61712    0.38969
   2.62412    0.38260
   2.63113    0.37562
   2.63814    0.36875
   2.64515    0.36199
   2.65215    0.35533
   2.65916    0.34878
   2.66617    0.34234
   2.67317    0.33599
   2.68018    0.32975
   2.68719    0.32361
   2.69419    0.31756
   2.70120    0.31162
   2.70821    0.30577
   2.71522    0.30001
   2.72222    0.29435
   2.72923    0.28878
   2.73624    0.28330
   2.74324    0.27792
   2.75025    0.27262
   2.75726    0.26741
   2.76426    0.26229
   2.77127    0.25725
   2.77828    0.25230
   2.78529    0.24742
   2.79229    0.24264
   2.79930    0.23793
   2.80631    0.23330
   2.81331    0.22875
   2.82032    0.22428
   2.82733    0.21989
   2.83433    0.21557
   2.84134    0.21133
   2.84835    0.20716
   2.85536    0.20306
   2.86236    0.19903
   2.86937    0.19507
   2.87638    0.19119
   2.88338    0.18737
   2.89039    0.18361
   2.89740    0.17993
   2.90440    0.17631
   2.91141    0.17275
   2.91842    0.16926
   2.92543    0.16583
   2.93243    0.16246
   2.93944    0.15915
   2.94645    0.15590
   2.95345    0.15271
   2.96046    0.14958
   2.96747    0.14651
   2.97447    0.14349
   2.98148    0.14053
   2.98849    0.13762
   2.99550    0.13476
   3.00250    0.13196
   3.00951    0.12921
   3.01652    0.12651
   3.02352    0.12386
   3.03053    0.12126
   3.03754    0.11871
   3.04454    0.11621
   3.05155    0.11375
   3.05856    0.11134
   3.06557    0.10898
   3.07257    0.10666
   3.07958    0.10439
   3.08659    0.10216
   3.09359    0.09997
   3.10060    0.09782
   3.10761    0.09572
   3.11461    0.09365
   3.12162    0.09163
   3.12863    0.08964
   3.13564    0.08770
   3.14264    0.08579
   3.14965    0.08392
   3.15666    0.08209
   3.16366    0.08029
   3.17067    0.07853
   3.17768    0.07680
   3.18468    0.07511
   3.19169    0.07345
   3.19870    0.07182
   3.20571    0.07023
   3.21271    0.06867
   3.21972    0.06714
   3.22673    0.06564
   3.23373    0.06417
   3.24074    0.06273
   3.24775    0.06132
   3.25475    0.05994
   3.26176    0.05858
   3.26877    0.05726
   3.27578    0.05596
   3.28278    0.05469
   3.28979    0.05345
   3.29680    0.05223
   3.30380    0.05103
   3.31081    0.04986
   3.31782    0.04872
   3.32482    0.04760
   3.33183    0.04650
   3.33884    0.04543
   3.34585    0.04437
   3.35285    0.04335
   3.35986    0.04234
   3.36687    0.04135
   3.37387    0.04039
   3.38088    0.03944
   3.38789    0.03852
   3.39489    0.03761
   3.40190    0.03673
   3.40891    0.03586
   3.41592    0.03501
   3.42292    0.03419
   3.42993    0.03337
   3.43694    0.03258
   3.44394    0.03181
   3.45095    0.03105
   3.45796    0.03030
   3.46496    0.02958
   3.47197    0.02887
   3.47898    0.02817
   3.48599    0.02749
   3.49299    0.02683
   3.50000    0.02618
