   0.06283    1.06379
   0.12566    1.12633
   0.18850    1.18838
   0.25133    1.24969
   0.31416    1.31002
   0.37699    1.36912
   0.43982    1.42678
   0.50265    1.48275
   0.56549    1.53683
   0.62832    1.58878
   0.69115    1.63842
   0.75398    1.68555
   0.81681    1.72997
   0.87965    1.77151
   0.94248    1.81002
   1.00531    1.84533
   1.06814    1.87731
   1.13097    1.90583
   1.19380    1.93078
   1.25664    1.95206
   1.31947    1.96958
   1.38230    1.98329
   1.44513    1.99311
   1.50796    1.99903
   1.57079    2.00100
   1.63363    1.99903
   1.69646    1.99311
   1.75929    1.98329
   1.82212    1.96958
   1.88495    1.95206
   1.94779    1.93078
   2.01062    1.90583
   2.07345    1.87731
   2.13628    1.84533
   2.19911    1.81002
   2.26194    1.77151
   2.32478    1.72997
   2.38761    1.68555
   2.45044    1.63843
   2.51327    1.58879
   2.57610    1.53683
   2.63894    1.48276
   2.70177    1.42678
   2.76460    1.36913
   2.82743    1.31002
   2.89026    1.24969
   2.95309    1.18838
   3.01593    1.12634
   3.07876    1.06379
   3.14159    1.00100
   3.20442    0.93821
   3.26725    0.87567
   3.33009    0.81362
   3.39292    0.75231
   3.45575    0.69199
   3.51858    0.63288
   3.58141    0.57522
   3.64424    0.51925
   3.70708    0.46518
   3.76991    0.41322
   3.83274    0.36358
   3.89557    0.31646
   3.95840    0.27203
   4.02124    0.23049
   4.08407    0.19199
   4.14690    0.15667
   4.20973    0.12470
   4.27256    0.09617
   4.33539    0.07122
   4.39823    0.04994
   4.46106    0.03242
   4.52389    0.01871
   4.58672    0.00889
   4.64955    0.00297
   4.71238    0.00100
   4.77522    0.00297
   4.83805    0.00888
   4.90088    0.01871
   4.96371    0.03242
   5.02654    0.04994
   5.08938    0.07122
   5.15221    0.09617
   5.21504    0.12469
   5.27787    0.15667
   5.34070    0.19198
   5.40353    0.23048
   5.46637    0.27203
   5.52920    0.31645
   5.59203    0.36357
   5.65486    0.41321
   5.71769    0.46517
   5.78053    0.51924
   5.84336    0.57522
   5.90619    0.63287
   5.96902    0.69198
   6.03185    0.75231
   6.09468    0.81361
   6.15752    0.87566
   6.22035    0.93820
   6.28318    1.00099
   6.34601    1.06379
   6.40884    1.12633
   6.47168    1.18838
   6.53451    1.24968
   6.59734    1.31001
   6.66017    1.36912
   6.72300    1.42677
   6.78583    1.48275
   6.84867    1.53682
   6.91150    1.58878
   6.97433    1.63842
   7.03716    1.68554
   7.09999    1.72996
   7.16283    1.77151
   7.22566    1.81001
   7.28849    1.84532
   7.35132    1.87730
   7.41415    1.90582
   7.47698    1.93077
   7.53982    1.95205
   7.60265    1.96958
   7.66548    1.98329
   7.72831    1.99311
   7.79114    1.99903
   7.85398    2.00100
   7.91681    1.99903
   7.97964    1.99312
   8.04247    1.98329
   8.10530    1.96958
   8.16813    1.95206
   8.23097    1.93078
   8.29380    1.90583
   8.35663    1.87731
   8.41946    1.84533
   8.48229    1.81002
   8.54512    1.77152
   8.60796    1.72997
   8.67079    1.68555
   8.73362    1.63843
   8.79645    1.58879
   8.85928    1.53683
   8.92212    1.48276
   8.98495    1.42679
   9.04778    1.36913
   9.11061    1.31002
   9.17344    1.24970
   9.23627    1.18839
   9.29911    1.12634
   9.36194    1.06380
   9.42477    1.00101
   9.48760    0.93822
   9.55043    0.87567
   9.61327    0.81363
   9.67610    0.75232
   9.73893    0.69199
   9.80176    0.63288
   9.86459    0.57523
   9.92742    0.51925
   9.99026    0.46518
  10.05309    0.41322
  10.11592    0.36358
  10.17875    0.31646
  10.24158    0.27204
  10.30442    0.23049
  10.36725    0.19199
  10.43008    0.15668
  10.49291    0.12470
  10.55574    0.09618
  10.61857    0.07123
  10.68141    0.04995
  10.74424    0.03242
  10.80707    0.01871
  10.86990    0.00889
  10.93273    0.00297
  10.99556    0.00100
  11.05840    0.00297
  11.12123    0.00888
  11.18406    0.01871
  11.24689    0.03241
  11.30972    0.04994
  11.37256    0.07122
  11.43539    0.09617
  11.49822    0.12469
  11.56105    0.15667
  11.62388    0.19198
  11.68671    0.23048
  11.74955    0.27202
  11.81238    0.31645
  11.87521    0.36357
  11.93804    0.41321
  12.00087    0.46516
  12.06371    0.51924
  12.12654    0.57521
  12.18937    0.63287
  12.25220    0.69197
  12.31503    0.75230
  12.37786    0.81361
  12.44070    0.87566
  12.50353    0.93820
  12.56636    1.00099
  12.62919    1.06378
  12.69202    1.12632
  12.75486    1.18837
  12.81769    1.24968
  12.88052    1.31001
  12.94335    1.36911
  13.00618    1.42677
  13.06901    1.48274
  13.13185    1.53682
  13.19468    1.58878
  13.25751    1.63842
  13.32034    1.68554
  13.38317    1.72996
  13.44601    1.77151
  13.50884    1.81001
  13.57167    1.84532
  13.63450    1.87730
  13.69733    1.90582
  13.76016    1.93077
  13.82300    1.95205
  13.88583    1.96958
  13.94866    1.98329
  14.01149    1.99311
  14.07432    1.99903
  14.13715    2.00100
  14.19999    1.99903
  14.26282    1.99312
  14.32565    1.98329
  14.38848    1.96959
  14.45131    1.95206
  14.51415    1.93078
  14.57698    1.90583
  14.63981    1.87731
  14.70264    1.84533
  14.76547    1.81002
  14.82830    1.77152
  14.89114    1.72998
  14.95397    1.68556
  15.01680    1.63843
  15.07963    1.58880
  15.14246    1.53684
  15.20530    1.48276
  15.26813    1.42679
  15.33096    1.36914
  15.39379    1.31003
  15.45662    1.24970
  15.51945    1.18839
  15.58229    1.12635
  15.64512    1.06380
  15.70795    1.00101
  15.77078    0.93822
  15.83361    0.87568
  15.89645    0.81363
  15.95928    0.75232
  16.02211    0.69200
  16.08494    0.63289
  16.14777    0.57523
  16.21060    0.51926
  16.27344    0.46518
  16.33627    0.41323
  16.39910    0.36359
  16.46193    0.31646
  16.52476    0.27204
  16.58760    0.23050
  16.65043    0.19199
  16.71326    0.15668
  16.77609    0.12470
  16.83892    0.09618
  16.90175    0.07123
  16.96459    0.04995
  17.02742    0.03242
  17.09025    0.01872
  17.15308    0.00889
  17.21591    0.00297
  17.27875    0.00100
  17.34158    0.00297
  17.40441    0.00888
  17.46724    0.01871
  17.53007    0.03241
  17.59290    0.04994
  17.65574    0.07122
  17.71857    0.09617
  17.78140    0.12469
  17.84423    0.15666
  17.90706    0.19197
  17.96989    0.23048
  18.03273    0.27202
  18.09556    0.31644
  18.15839    0.36356
  18.22122    0.41320
  18.28405    0.46516
  18.34689    0.51923
  18.40972    0.57521
  18.47255    0.63286
  18.53538    0.69197
  18.59821    0.75229
  18.66104    0.81360
  18.72388    0.87565
  18.78671    0.93819
  18.84954    1.00098
  18.91237    1.06377
  18.97520    1.12632
  19.03804    1.18837
  19.10087    1.24967
  19.16370    1.31000
  19.22653    1.36911
  19.28936    1.42676
  19.35219    1.48274
  19.41503    1.53681
  19.47786    1.58877
  19.54069    1.63841
  19.60352    1.68554
  19.66635    1.72996
  19.72919    1.77150
  19.79202    1.81001
  19.85485    1.84532
  19.91768    1.87730
  19.98051    1.90582
  20.04334    1.93077
  20.10618    1.95205
  20.16901    1.96958
  20.23184    1.98328
  20.29467    1.99311
  20.35750    1.99903
  20.42033    2.00100
  20.48317    1.99903
  20.54600    1.99312
  20.60883    1.98329
  20.67166    1.96959
  20.73449    1.95206
  20.79733    1.93078
  20.86016    1.90583
  20.92299    1.87732
  20.98582    1.84534
  21.04865    1.81003
  21.11148    1.77152
  21.17432    1.72998
  21.23715    1.68556
  21.29998    1.63844
  21.36281    1.58880
  21.42564    1.53684
  21.48848    1.48277
  21.55131    1.42680
  21.61414    1.36914
  21.67697    1.31003
  21.73980    1.24971
  21.80263    1.18840
  21.86547    1.12635
  21.92830    1.06381
  21.99113    1.00102
  22.05396    0.93823
  22.11679    0.87569
  22.17963    0.81364
  22.24246    0.75233
  22.30529    0.69200
  22.36812    0.63289
  22.43095    0.57524
  22.49378    0.51926
  22.55662    0.46519
  22.61945    0.41323
  22.68228    0.36359
  22.74511    0.31647
  22.80794    0.27204
  22.87078    0.23050
  22.93361    0.19199
  22.99644    0.15668
  23.05927    0.12470
  23.12210    0.09618
  23.18493    0.07123
  23.24777    0.04995
  23.31060    0.03242
  23.37343    0.01872
  23.43626    0.00889
  23.49909    0.00297
  23.56192    0.00100
  23.62476    0.00297
  23.68759    0.00888
  23.75042    0.01871
  23.81325    0.03241
  23.87608    0.04994
  23.93892    0.07122
  24.00175    0.09616
  24.06458    0.12468
  24.12741    0.15666
  24.19024    0.19197
  24.25307    0.23047
  24.31591    0.27202
  24.37874    0.31644
  24.44157    0.36356
  24.50440    0.41320
  24.56723    0.46516
  24.63007    0.51923
  24.69290    0.57520
  24.75573    0.63286
  24.81856    0.69196
  24.88139    0.75229
  24.94422    0.81360
  25.00706    0.87565
  25.06989    0.93819
  25.13272    1.00098
  25.19555    1.06377
  25.25838    1.12631
  25.32122    1.18836
  25.38405    1.24967
  25.44688    1.31000
  25.50971    1.36910
  25.57254    1.42676
  25.63537    1.48273
  25.69821    1.53681
  25.76104    1.58877
  25.82387    1.63841
  25.88670    1.68553
  25.94953    1.72995
  26.01237    1.77150
  26.07520    1.81000
  26.13803    1.84532
  26.20086    1.87730
  26.26369    1.90582
  26.32652    1.93077
  26.38936    1.95205
  26.45219    1.96958
  26.51502    1.98328
  26.57785    1.99311
  26.64068    1.99903
  26.70351    2.00100
  26.76635    1.99903
  26.82918    1.99312
  26.89201    1.98329
  26.95484    1.96959
  27.01767    1.95206
  27.08051    1.93078
  27.14334    1.90584
  27.20617    1.87732
  27.26900    1.84534
  27.33183    1.81003
  27.39466    1.77153
  27.45750    1.72998
  27.52033    1.68556
  27.58316    1.63844
  27.64599    1.58880
  27.70882    1.53685
  27.77166    1.48277
  27.83449    1.42680
  27.89732    1.36915
  27.96015    1.31004
  28.02298    1.24971
  28.08581    1.18840
  28.14865    1.12636
  28.21148    1.06381
  28.27431    1.00102
  28.33714    0.93823
  28.39997    0.87569
  28.46281    0.81364
  28.52564    0.75233
  28.58847    0.69201
  28.65130    0.63290
  28.71413    0.57524
  28.77696    0.51927
  28.83980    0.46519
  28.90263    0.41323
  28.96546    0.36359
  29.02829    0.31647
  29.09112    0.27205
  29.15396    0.23050
  29.21679    0.19200
  29.27962    0.15669
  29.34245    0.12471
  29.40528    0.09618
  29.46811    0.07123
  29.53095    0.04995
  29.59378    0.03242
  29.65661    0.01872
  29.71944    0.00889
  29.78227    0.00297
  29.84511    0.00100
  29.90794    0.00297
  29.97077    0.00888
  30.03360    0.01871
  30.09643    0.03241
  30.15926    0.04994
  30.22210    0.07121
  30.28493    0.09616
  30.34776    0.12468
  30.41059    0.15666
  30.47342    0.19197
  30.53625    0.23047
  30.59909    0.27201
  30.66192    0.31643
  30.72475    0.36356
  30.78758    0.41319
  30.85041    0.46515
  30.91325    0.51922
  30.97608    0.57520
  31.03891    0.63285
  31.10174    0.69196
  31.16457    0.75228
  31.22740    0.81359
  31.29024    0.87564
  31.35307    0.93818
  31.41590    1.00097
  31.47873    1.06376
  31.54156    1.12631
  31.60440    1.18836
  31.66723    1.24966
  31.73006    1.30999
  31.79289    1.36910
  31.85572    1.42675
  31.91855    1.48273
  31.98139    1.53680
  32.04422    1.58876
  32.10705    1.63840
  32.16988    1.68553
  32.23271    1.72995
  32.29555    1.77150
  32.35838    1.81000
  32.42121    1.84531
  32.48404    1.87729
  32.54687    1.90582
  32.60970    1.93077
  32.67254    1.95205
  32.73537    1.96958
  32.79820    1.98328
  32.86103    1.99311
  32.92386    1.99902
  32.98669    2.00100
  33.04953    1.99903
  33.11236    1.99312
  33.17519    1.98329
  33.23802    1.96959
  33.30085    1.95207
  33.36369    1.93079
  33.42652    1.90584
  33.48935    1.87732
  33.55218    1.84534
  33.61501    1.81003
  33.67784    1.77153
  33.74068    1.72999
  33.80351    1.68557
  33.86634    1.63845
  33.92917    1.58881
  33.99200    1.53685
  34.05484    1.48278
  34.11767    1.42681
  34.18050    1.36915
  34.24333    1.31004
  34.30616    1.24972
  34.36899    1.18841
  34.43183    1.12636
  34.49466    1.06382
  34.55749    1.00103
  34.62032    0.93824
  34.68315    0.87570
  34.74599    0.81365
  34.80882    0.75234
  34.87165    0.69201
  34.93448    0.63290
  34.99731    0.57525
  35.06014    0.51927
  35.12298    0.46520
  35.18581    0.41324
  35.24864    0.36360
  35.31147    0.31647
  35.37430    0.27205
  35.43714    0.23051
  35.49997    0.19200
  35.56280    0.15669
  35.62563    0.12471
  35.68846    0.09619
  35.75129    0.07123
  35.81413    0.04995
  35.87696    0.03242
  35.93979    0.01872
  36.00262    0.00889
  36.06545    0.00298
  36.12828    0.00100
  36.19112    0.00297
  36.25395    0.00888
  36.31678    0.01871
  36.37961    0.03241
  36.44244    0.04993
  36.50528    0.07121
  36.56811    0.09616
  36.63094    0.12468
  36.69377    0.15666
  36.75660    0.19196
  36.81943    0.23047
  36.88227    0.27201
  36.94510    0.31643
  37.00793    0.36355
  37.07076    0.41319
  37.13359    0.46515
  37.19643    0.51922
  37.25926    0.57519
  37.32209    0.63285
  37.38492    0.69195
  37.44775    0.75228
  37.51058    0.81359
  37.57342    0.87564
  37.63625    0.93818
  37.69908    1.00097
  37.76191    1.06376
  37.82474    1.12630
  37.88758    1.18835
  37.95041    1.24966
  38.01324    1.30999
  38.07607    1.36909
  38.13890    1.42675
  38.20173    1.48273
  38.26457    1.53680
  38.32740    1.58876
  38.39023    1.63840
  38.45306    1.68552
  38.51589    1.72995
  38.57873    1.77149
  38.64156    1.81000
  38.70439    1.84531
  38.76722    1.87729
  38.83005    1.90581
  38.89288    1.93076
  38.95572    1.95205
  39.01855    1.96957
  39.08138    1.98328
  39.14421    1.99311
  39.20704    1.99902
  39.26987    2.00100
  39.33271    1.99903
  39.39554    1.99312
  39.45837    1.98329
  39.52120    1.96959
  39.58403    1.95207
  39.64687    1.93079
  39.70970    1.90584
  39.77253    1.87732
  39.83536    1.84535
  39.89819    1.81004
  39.96102    1.77153
  40.02386    1.72999
  40.08669    1.68557
  40.14952    1.63845
  40.21235    1.58881
  40.27518    1.53686
  40.33802    1.48278
  40.40085    1.42681
  40.46368    1.36916
  40.52651    1.31005
  40.58934    1.24972
  40.65217    1.18842
  40.71501    1.12637
  40.77784    1.06382
  40.84067    1.00103
  40.90350    0.93824
  40.96633    0.87570
  41.02917    0.81365
  41.09200    0.75234
  41.15483    0.69202
  41.21766    0.63291
  41.28049    0.57525
  41.34332    0.51928
  41.40616    0.46520
  41.46899    0.41324
  41.53182    0.36360
  41.59465    0.31648
  41.65748    0.27206
  41.72032    0.23051
  41.78315    0.19200
  41.84598    0.15669
  41.90881    0.12471
  41.97164    0.09619
  42.03447    0.07124
  42.09731    0.04995
  42.16014    0.03243
  42.22297    0.01872
  42.28580    0.00889
  42.34863    0.00298
  42.41146    0.00100
  42.47430    0.00297
  42.53713    0.00888
  42.59996    0.01871
  42.66279    0.03241
  42.72562    0.04993
  42.78846    0.07121
  42.85129    0.09616
  42.91412    0.12468
  42.97695    0.15665
  43.03978    0.19196
  43.10261    0.23046
  43.16545    0.27201
  43.22828    0.31643
  43.29111    0.36355
  43.35394    0.41319
  43.41677    0.46514
  43.47961    0.51921
  43.54244    0.57519
  43.60527    0.63284
  43.66810    0.69195
  43.73093    0.75227
  43.79376    0.81358
  43.85660    0.87563
  43.91943    0.93817
  43.98226    1.00096
  44.04509    1.06375
  44.10792    1.12630
  44.17076    1.18834
  44.23359    1.24965
  44.29642    1.30998
  44.35925    1.36909
  44.42208    1.42675
  44.48491    1.48272
  44.54775    1.53680
  44.61058    1.58875
  44.67341    1.63839
  44.73624    1.68552
  44.79907    1.72994
  44.86191    1.77149
  44.92474    1.80999
  44.98757    1.84531
  45.05040    1.87729
  45.11323    1.90581
  45.17606    1.93076
  45.23890    1.95204
  45.30173    1.96957
  45.36456    1.98328
  45.42739    1.99311
  45.49022    1.99902
  45.55306    2.00100
  45.61589    1.99903
  45.67872    1.99312
  45.74155    1.98329
  45.80438    1.96959
  45.86721    1.95207
  45.93005    1.93079
  45.99288    1.90584
  46.05571    1.87733
  46.11854    1.84535
  46.18137    1.81004
  46.24420    1.77154
  46.30704    1.73000
  46.36987    1.68558
  46.43270    1.63845
  46.49553    1.58882
  46.55836    1.53686
  46.62120    1.48279
  46.68403    1.42681
  46.74686    1.36916
  46.80969    1.31005
  46.87252    1.24973
  46.93535    1.18842
  46.99819    1.12637
  47.06102    1.06383
  47.12385    1.00104
  47.18668    0.93825
  47.24951    0.87571
  47.31235    0.81366
  47.37518    0.75235
  47.43801    0.69202
  47.50084    0.63291
  47.56367    0.57526
  47.62650    0.51928
  47.68934    0.46521
  47.75217    0.41325
  47.81500    0.36361
  47.87783    0.31648
  47.94066    0.27206
  48.00350    0.23051
  48.06633    0.19201
  48.12916    0.15669
  48.19199    0.12471
  48.25482    0.09619
  48.31765    0.07124
  48.38049    0.04996
  48.44332    0.03243
  48.50615    0.01872
  48.56898    0.00889
  48.63181    0.00298
  48.69465    0.00100
  48.75748    0.00297
  48.82031    0.00888
  48.88314    0.01871
  48.94597    0.03241
  49.00880    0.04993
  49.07164    0.07121
  49.13447    0.09616
  49.19730    0.12467
  49.26013    0.15665
  49.32296    0.19196
  49.38579    0.23046
  49.44863    0.27200
  49.51146    0.31642
  49.57429    0.36354
  49.63712    0.41318
  49.69995    0.46514
  49.76279    0.51921
  49.82562    0.57518
  49.88845    0.63284
  49.95128    0.69194
  50.01411    0.75227
  50.07694    0.81358
  50.13978    0.87562
  50.20261    0.93817
  50.26544    1.00096
  50.32827    1.06375
  50.39110    1.12629
  50.45394    1.18834
  50.51677    1.24965
  50.57960    1.30998
  50.64243    1.36908
  50.70526    1.42674
  50.76809    1.48272
  50.83093    1.53679
  50.89376    1.58875
  50.95659    1.63839
  51.01942    1.68552
  51.08225    1.72994
  51.14509    1.77149
  51.20792    1.80999
  51.27075    1.84530
  51.33358    1.87729
  51.39641    1.90581
  51.45924    1.93076
  51.52208    1.95204
  51.58491    1.96957
  51.64774    1.98328
  51.71057    1.99311
  51.77340    1.99902
  51.83623    2.00100
  51.89907    1.99903
  51.96190    1.99312
  52.02473    1.98330
  52.08756    1.96959
  52.15039    1.95207
  52.21323    1.93079
  52.27606    1.90585
  52.33889    1.87733
  52.40172    1.84535
  52.46455    1.81004
  52.52738    1.77154
  52.59022    1.73000
  52.65305    1.68558
  52.71588    1.63846
  52.77871    1.58882
  52.84154    1.53686
  52.90438    1.48279
  52.96721    1.42682
  53.03004    1.36917
  53.09287    1.31006
  53.15570    1.24973
  53.21853    1.18843
  53.28137    1.12638
  53.34420    1.06384
  53.40703    1.00105
  53.46986    0.93825
  53.53269    0.87571
  53.59553    0.81366
  53.65836    0.75235
  53.72119    0.69203
  53.78402    0.63292
  53.84685    0.57526
  53.90968    0.51929
  53.97252    0.46521
  54.03535    0.41325
  54.09818    0.36361
  54.16101    0.31649
  54.22384    0.27206
  54.28668    0.23052
  54.34951    0.19201
  54.41234    0.15670
  54.47517    0.12472
  54.53800    0.09619
  54.60083    0.07124
  54.66367    0.04996
  54.72650    0.03243
  54.78933    0.01872
  54.85216    0.00889
  54.91499    0.00298
  54.97782    0.00100
  55.04066    0.00297
  55.10349    0.00888
  55.16632    0.01870
  55.22915    0.03241
  55.29198    0.04993
  55.35482    0.07121
  55.41765    0.09615
  55.48048    0.12467
  55.54331    0.15665
  55.60614    0.19196
  55.66897    0.23046
  55.73181    0.27200
  55.79464    0.31642
  55.85747    0.36354
  55.92030    0.41318
  55.98313    0.46513
  56.04597    0.51920
  56.10880    0.57518
  56.17163    0.63283
  56.23446    0.69194
  56.29729    0.75226
  56.36012    0.81357
  56.42296    0.87562
  56.48579    0.93816
  56.54862    1.00095
  56.61145    1.06374
  56.67428    1.12629
  56.73712    1.18833
  56.79995    1.24964
  56.86278    1.30997
  56.92561    1.36908
  56.98844    1.42674
  57.05127    1.48271
  57.11411    1.53679
  57.17694    1.58875
  57.23977    1.63839
  57.30260    1.68551
  57.36543    1.72994
  57.42827    1.77148
  57.49110    1.80999
  57.55393    1.84530
  57.61676    1.87728
  57.67959    1.90581
  57.74242    1.93076
  57.80526    1.95204
  57.86809    1.96957
  57.93092    1.98328
  57.99375    1.99311
  58.05658    1.99902
  58.11941    2.00100
  58.18225    1.99903
  58.24508    1.99312
  58.30791    1.98330
  58.37074    1.96960
  58.43357    1.95207
  58.49641    1.93079
  58.55924    1.90585
  58.62207    1.87733
  58.68490    1.84535
  58.74773    1.81005
  58.81056    1.77154
  58.87340    1.73000
  58.93623    1.68558
  58.99906    1.63846
  59.06189    1.58883
  59.12472    1.53687
  59.18756    1.48280
  59.25039    1.42682
  59.31322    1.36917
  59.37605    1.31006
  59.43888    1.24974
  59.50171    1.18843
  59.56455    1.12638
  59.62738    1.06384
  59.69021    1.00105
  59.75304    0.93826
  59.81587    0.87572
  59.87871    0.81367
  59.94154    0.75236
  60.00437    0.69203
  60.06720    0.63292
  60.13003    0.57527
  60.19286    0.51929
  60.25570    0.46522
  60.31853    0.41326
  60.38136    0.36362
  60.44419    0.31649
  60.50702    0.27207
  60.56986    0.23052
  60.63269    0.19201
  60.69552    0.15670
  60.75835    0.12472
  60.82118    0.09619
  60.88401    0.07124
  60.94685    0.04996
  61.00968    0.03243
  61.07251    0.01872
  61.13534    0.00889
  61.19817    0.00298
  61.26100    0.00100
  61.32384    0.00297
  61.38667    0.00888
  61.44950    0.01870
  61.51233    0.03240
  61.57516    0.04993
  61.63800    0.07120
  61.70083    0.09615
  61.76366    0.12467
  61.82649    0.15664
  61.88932    0.19195
  61.95215    0.23045
  62.01499    0.27200
  62.07782    0.31641
  62.14065    0.36354
  62.20348    0.41317
  62.26631    0.46513
  62.32915    0.51920
  62.39198    0.57517
  62.45481    0.63283
  62.51764    0.69193
  62.58047    0.75226
  62.64330    0.81357
  62.70614    0.87561
  62.76897    0.93816
