   1.00000    0.00000    0.00000
   1.00117    0.06305    0.06289
   0.99836    0.12625    0.12579
   0.99156    0.18934    0.18868
   0.98078    0.25208    0.25158
   0.96603    0.31422    0.31447
   0.94734    0.37549    0.37737
   0.92477    0.43566    0.44026
   0.89838    0.49448    0.50316
   0.86825    0.55170    0.56605
   0.83448    0.60709    0.62895
   0.79718    0.66041    0.69184
   0.75647    0.71144    0.75474
   0.71249    0.75997    0.81763
   0.66541    0.80578    0.88053
   0.61538    0.84867    0.94342
   0.56258    0.88846    1.00632
   0.50722    0.92497    1.06921
   0.44949    0.95803    1.13210
   0.38961    0.98749    1.19500
   0.32780    1.01321    1.25789
   0.26430    1.03506    1.32079
   0.19935    1.05293    1.38368
   0.13319    1.06673    1.44658
   0.06609    1.07637    1.50947
  -0.00170    1.08179    1.57237
  -0.06991    1.08294    1.63526
  -0.13827    1.07980    1.69816
  -0.20652    1.07234    1.76105
  -0.27437    1.06057    1.82395
  -0.34156    1.04451    1.88684
  -0.40782    1.02419    1.94974
  -0.47287    0.99967    2.01263
  -0.53645    0.97102    2.07552
  -0.59830    0.93833    2.13842
  -0.65816    0.90170    2.20131
  -0.71578    0.86126    2.26421
  -0.77092    0.81713    2.32710
  -0.82334    0.76947    2.39000
  -0.87282    0.71846    2.45289
  -0.91913    0.66427    2.51579
  -0.96209    0.60709    2.57868
  -1.00149    0.54714    2.64158
  -1.03715    0.48463    2.70447
  -1.06892    0.41980    2.76737
  -1.09663    0.35289    2.83026
  -1.12016    0.28416    2.89316
  -1.13939    0.21386    2.95605
  -1.15420    0.14227    3.01895
  -1.16452    0.06967    3.08184
  -1.17027   -0.00368    3.14473
  -1.17140   -0.07747    3.20763
  -1.16788   -0.15142    3.27052
  -1.15970   -0.22523    3.33342
  -1.14685   -0.29861    3.39631
  -1.12936   -0.37127    3.45921
  -1.10727   -0.44291    3.52210
  -1.08063   -0.51324    3.58500
  -1.04953   -0.58198    3.64789
  -1.01406   -0.64883    3.71079
  -0.97433   -0.71352    3.77368
  -0.93048   -0.77579    3.83658
  -0.88265   -0.83536    3.89947
  -0.83101   -0.89199    3.96237
  -0.77574   -0.94542    4.02526
  -0.71703   -0.99544    4.08816
  -0.65511   -1.04181    4.15105
  -0.59018   -1.08433    4.21394
  -0.52250   -1.12281    4.27684
  -0.45232   -1.15706    4.33973
  -0.37989   -1.18693    4.40263
  -0.30550   -1.21226    4.46552
  -0.22942   -1.23294    4.52842
  -0.15195   -1.24884    4.59131
  -0.07338   -1.25988    4.65421
   0.00597   -1.26598    4.71710
   0.08580   -1.26708    4.78000
   0.16579   -1.26315    4.84289
   0.24562   -1.25417    4.90579
   0.32499   -1.24014    4.96868
   0.40356   -1.22110    5.03158
   0.48102   -1.19708    5.09447
   0.55706   -1.16814    5.15736
   0.63136   -1.13438    5.22026
   0.70362   -1.09590    5.28315
   0.77354   -1.05281    5.34605
   0.84082   -1.00527    5.40894
   0.90519   -0.95342    5.47184
   0.96636   -0.89746    5.53473
   1.02407   -0.83758    5.59763
   1.07807   -0.77399    5.66052
   1.12813   -0.70692    5.72342
   1.17402   -0.63661    5.78631
   1.21553   -0.56333    5.84921
   1.25246   -0.48735    5.91210
   1.28465   -0.40895    5.97500
   1.31194   -0.32842    6.03789
   1.33417   -0.24609    6.10079
   1.35124   -0.16225    6.16368
   1.36305   -0.07725    6.22657
   1.36951    0.00861    6.28947
   1.37057    0.09497    6.35236
   1.36618    0.18149    6.41526
   1.35633    0.26784    6.47815
   1.34102    0.35367    6.54105
   1.32028    0.43864    6.60394
   1.29417    0.52240    6.66684
   1.26274    0.60460    6.72973
   1.22609    0.68493    6.79263
   1.18434    0.76303    6.85552
   1.13761    0.83860    6.91842
   1.08606    0.91130    6.98131
   1.02987    0.98084    7.04421
   0.96922    1.04692    7.10710
   0.90435    1.10925    7.17000
   0.83546    1.16756    7.23289
   0.76282    1.22160    7.29578
   0.68668    1.27112    7.35868
   0.60734    1.31590    7.42157
   0.52508    1.35573    7.48447
   0.44021    1.39042    7.54736
   0.35306    1.41980    7.61026
   0.26395    1.44371    7.67315
   0.17323    1.46204    7.73605
   0.08125    1.47467    7.79894
  -0.01164    1.48151    7.86184
  -0.10506    1.48250    7.92473
  -0.19866    1.47761    7.98763
  -0.29205    1.46680    8.05052
  -0.38488    1.45010    8.11342
  -0.47676    1.42753    8.17631
  -0.56732    1.39913    8.23921
  -0.65620    1.36499    8.30210
  -0.74303    1.32521    8.36499
  -0.82745    1.27991    8.42789
  -0.90912    1.22923    8.49078
  -0.98768    1.17334    8.55368
  -1.06281    1.11243    8.61657
  -1.13419    1.04672    8.67947
  -1.20151    0.97643    8.74236
  -1.26448    0.90181    8.80526
  -1.32281    0.82313    8.86815
  -1.37626    0.74069    8.93105
  -1.42456    0.65478    8.99394
  -1.46751    0.56572    9.05684
  -1.50489    0.47385    9.11973
  -1.53652    0.37952    9.18263
  -1.56224    0.28308    9.24552
  -1.58191    0.18491    9.30841
  -1.59542    0.08539    9.37131
  -1.60266   -0.01511    9.43420
  -1.60358   -0.11617    9.49710
  -1.59812   -0.21742    9.55999
  -1.58628   -0.31844    9.62289
  -1.56805   -0.41882    9.68578
  -1.54347   -0.51818    9.74868
  -1.51260   -0.61610    9.81157
  -1.47552   -0.71219    9.87447
  -1.43234   -0.80605    9.93736
  -1.38318   -0.89731   10.00026
  -1.32822   -0.98556   10.06315
  -1.26763   -1.07046   10.12605
  -1.20161   -1.15163   10.18894
  -1.13040   -1.22874   10.25184
  -1.05425   -1.30144   10.31473
  -0.97342   -1.36943   10.37762
  -0.88821   -1.43241   10.44052
  -0.79893   -1.49008   10.50341
  -0.70591   -1.54219   10.56631
  -0.60950   -1.58850   10.62920
  -0.51005   -1.62878   10.69210
  -0.40795   -1.66284   10.75499
  -0.30358   -1.69050   10.81789
  -0.19735   -1.71161   10.88078
  -0.08966   -1.72605   10.94368
   0.01907   -1.73372   11.00657
   0.12840   -1.73454   11.06947
   0.23792   -1.72846   11.13236
   0.34718   -1.71548   11.19526
   0.45574   -1.69559   11.25815
   0.56318   -1.66883   11.32105
   0.66906   -1.63527   11.38394
   0.77295   -1.59499   11.44683
   0.87442   -1.54812   11.50973
   0.97305   -1.49479   11.57262
   1.06843   -1.43518   11.63552
   1.16017   -1.36949   11.69841
   1.24787   -1.29794   11.76131
   1.33116   -1.22077   11.82420
   1.40968   -1.13826   11.88710
   1.48309   -1.05071   11.94999
   1.55107   -0.95842   12.01289
   1.61331   -0.86174   12.07578
   1.66953   -0.76103   12.13868
   1.71946   -0.65665   12.20157
   1.76286   -0.54900   12.26447
   1.79954   -0.43849   12.32736
   1.82928   -0.32554   12.39025
   1.85194   -0.21058   12.45315
   1.86738   -0.09406   12.51604
   1.87549    0.02357   12.57894
   1.87619    0.14185   12.64183
   1.86943    0.26031   12.70473
   1.85520    0.37849   12.76762
   1.83350    0.49590   12.83052
   1.80437    0.61208   12.89341
   1.76788    0.72656   12.95631
   1.72413    0.83888   13.01920
   1.67325    0.94857   13.08210
   1.61539    1.05517   13.14499
   1.55075    1.15826   13.20789
   1.47953    1.25738   13.27078
   1.40197    1.35214   13.33368
   1.31835    1.44211   13.39657
   1.22896    1.52691   13.45946
   1.13412    1.60618   13.52236
   1.03417    1.67956   13.58525
   0.92948    1.74673   13.64815
   0.82043    1.80737   13.71104
   0.70743    1.86121   13.77394
   0.59091    1.90798   13.83683
   0.47130    1.94747   13.89973
   0.34905    1.97945   13.96262
   0.22466    2.00377   14.02552
   0.09858    2.02027   14.08841
  -0.02869    2.02884   14.15131
  -0.15664    2.02940   14.21420
  -0.28478    2.02189   14.27710
  -0.41260    2.00629   14.33999
  -0.53958    1.98262   14.40289
  -0.66521    1.95091   14.46578
  -0.78900    1.91124   14.52867
  -0.91042    1.86372   14.59157
  -1.02899    1.80849   14.65446
  -1.14422    1.74572   14.71736
  -1.25563    1.67561   14.78025
  -1.36274    1.59840   14.84315
  -1.46511    1.51434   14.90604
  -1.56230    1.42373   14.96894
  -1.65389    1.32689   15.03183
  -1.73948    1.22415   15.09473
  -1.81869    1.11591   15.15762
  -1.89117    1.00254   15.22052
  -1.95659    0.88446   15.28341
  -2.01464    0.76213   15.34631
  -2.06504    0.63599   15.40920
  -2.10755    0.50653   15.47209
  -2.14195    0.37424   15.53499
  -2.16804    0.23962   15.59788
  -2.18568    0.10321   15.66078
  -2.19473   -0.03448   15.72367
  -2.19512   -0.17290   15.78657
  -2.18678   -0.31151   15.84946
  -2.16969   -0.44975   15.91236
  -2.14386   -0.58708   15.97525
  -2.10934   -0.72294   16.03815
  -2.06622   -0.85678   16.10104
  -2.01461   -0.98805   16.16394
  -1.95466   -1.11623   16.22683
  -1.88656   -1.24077   16.28973
  -1.81053   -1.36117   16.35262
  -1.72682   -1.47691   16.41552
  -1.63571   -1.58751   16.47841
  -1.53752   -1.69250   16.54130
  -1.43260   -1.79142   16.60420
  -1.32132   -1.88383   16.66709
  -1.20408   -1.96934   16.72999
  -1.08132   -2.04756   16.79288
  -0.95348   -2.11812   16.85578
  -0.82104   -2.18071   16.91867
  -0.68450   -2.23502   16.98157
  -0.54438   -2.28079   17.04446
  -0.40121   -2.31777   17.10736
  -0.25554   -2.34577   17.17025
  -0.10793   -2.36462   17.23315
   0.04103   -2.37418   17.29604
   0.19078   -2.37436   17.35894
   0.34071   -2.36510   17.42183
   0.49023   -2.34638   17.48473
   0.63874   -2.31821   17.54762
   0.78565   -2.28064   17.61051
   0.93036   -2.23376   17.67341
   1.07229   -2.17771   17.73630
   1.21085   -2.11264   17.79920
   1.34546   -2.03875   17.86209
   1.47558   -1.95630   17.92499
   1.60065   -1.86554   17.98788
   1.72014   -1.76680   18.05078
   1.83354   -1.66040   18.11367
   1.94037   -1.54673   18.17657
   2.04016   -1.42619   18.23946
   2.13246   -1.29922   18.30236
   2.21686   -1.16628   18.36525
   2.29298   -1.02787   18.42815
   2.36047   -0.88449   18.49104
   2.41899   -0.73669   18.55393
   2.46826   -0.58503   18.61683
   2.50802   -0.43008   18.67972
   2.53807   -0.27245   18.74262
   2.55820   -0.11274   18.80551
   2.56830    0.04842   18.86841
   2.56824    0.21042   18.93130
   2.55797    0.37259   18.99420
   2.53746    0.53431   19.05709
   2.50673    0.69492   19.11999
   2.46584    0.85378   19.18288
   2.41488    1.01025   19.24578
   2.35400    1.16369   19.30867
   2.28337    1.31347   19.37157
   2.20322    1.45897   19.43446
   2.11380    1.59959   19.49736
   2.01541    1.73473   19.56025
   1.90838    1.86383   19.62314
   1.79309    1.98633   19.68604
   1.66994    2.10170   19.74893
   1.53937    2.20945   19.81183
   1.40186    2.30908   19.87472
   1.25790    2.40016   19.93762
   1.10804    2.48227   20.00051
   0.95282    2.55503   20.06341
   0.79283    2.61809   20.12630
   0.62868    2.67113   20.18920
   0.46100    2.71389   20.25209
   0.29042    2.74612   20.31499
   0.11762    2.76763   20.37788
  -0.05675    2.77827   20.44078
  -0.23199    2.77794   20.50367
  -0.40741    2.76655   20.56657
  -0.58232    2.74409   20.62946
  -0.75602    2.71057   20.69235
  -0.92781    2.66607   20.75525
  -1.09699    2.61068   20.81814
  -1.26287    2.54455   20.88104
  -1.42478    2.46790   20.94393
  -1.58205    2.38094   21.00683
  -1.73401    2.28397   21.06972
  -1.88004    2.17730   21.13262
  -2.01952    2.06130   21.19551
  -2.15184    1.93637   21.25841
  -2.27644    1.80295   21.32130
  -2.39277    1.66152   21.38420
  -2.50032    1.51259   21.44709
  -2.59861    1.35671   21.50999
  -2.68718    1.19445   21.57288
  -2.76563    1.02641   21.63577
  -2.83357    0.85323   21.69867
  -2.89067    0.67556   21.76156
  -2.93664    0.49409   21.82446
  -2.97122    0.30951   21.88735
  -2.99420    0.12253   21.95025
  -3.00541   -0.06611   22.01314
  -3.00475   -0.25569   22.07604
  -2.99213   -0.44544   22.13893
  -2.96754   -0.63461   22.20183
  -2.93099   -0.82246   22.26472
  -2.88255   -1.00822   22.32762
  -2.82234   -1.19115   22.39051
  -2.75053   -1.37049   22.45341
  -2.66732   -1.54551   22.51630
  -2.57299   -1.71549   22.57920
  -2.46783   -1.87972   22.64209
  -2.35218   -2.03751   22.70498
  -2.22646   -2.18820   22.76788
  -2.09109   -2.33113   22.83077
  -1.94655   -2.46569   22.89367
  -1.79335   -2.59130   22.95656
  -1.63206   -2.70740   23.01946
  -1.46326   -2.81346   23.08235
  -1.28757   -2.90900   23.14525
  -1.10566   -2.99357   23.20814
  -0.91820   -3.06678   23.27104
  -0.72591   -3.12825   23.33393
  -0.52951   -3.17767   23.39683
  -0.32977   -3.21476   23.45972
  -0.12746   -3.23930   23.52262
   0.07663   -3.25111   23.58551
   0.28170   -3.25007   23.64841
   0.48695   -3.23610   23.71130
   0.69156   -3.20917   23.77419
   0.89471   -3.16931   23.83709
   1.09558   -3.11660   23.89998
   1.29337   -3.05115   23.96288
   1.48725   -2.97316   24.02577
   1.67645   -2.88286   24.08867
   1.86017   -2.78052   24.15156
   2.03766   -2.66647   24.21446
   2.20816   -2.54111   24.27735
   2.37095   -2.40484   24.34025
   2.52535   -2.25816   24.40314
   2.67067   -2.10156   24.46604
   2.80629   -1.93563   24.52893
   2.93161   -1.76094   24.59183
   3.04606   -1.57816   24.65472
   3.14911   -1.38794   24.71762
   3.24030   -1.19100   24.78051
   3.31917   -0.98809   24.84340
   3.38534   -0.77996   24.90630
   3.43847   -0.56742   24.96919
   3.47825   -0.35128   25.03209
   3.50446   -0.13238   25.09498
   3.51689    0.08842   25.15788
   3.51542    0.31027   25.22077
   3.49996    0.53228   25.28367
   3.47048    0.75358   25.34656
   3.42701    0.97328   25.40946
   3.36964    1.19049   25.47235
   3.29851    1.40434   25.53525
   3.21381    1.61395   25.59814
   3.11580    1.81847   25.66104
   3.00477    2.01704   25.72393
   2.88110    2.20885   25.78682
   2.74519    2.39308   25.84972
   2.59751    2.56896   25.91261
   2.43856    2.73573   25.97551
   2.26891    2.89268   26.03840
   2.08917    3.03911   26.10130
   1.89999    3.17438   26.16419
   1.70206    3.29788   26.22709
   1.49611    3.40904   26.28998
   1.28291    3.50735   26.35288
   1.06326    3.59232   26.41577
   0.83800    3.66355   26.47867
   0.60799    3.72066   26.54156
   0.37410    3.76334   26.60446
   0.13726    3.79131   26.66735
  -0.10163    3.80439   26.73025
  -0.34162    3.80242   26.79314
  -0.58177    3.78531   26.85603
  -0.82111    3.75305   26.91893
  -1.05870    3.70565   26.98182
  -1.29359    3.64322   27.04472
  -1.52480    3.56591   27.10761
  -1.75142    3.47393   27.17051
  -1.97249    3.36755   27.23340
  -2.18712    3.24711   27.29630
  -2.39441    3.11299   27.35919
  -2.59348    2.96565   27.42209
  -2.78349    2.80559   27.48498
  -2.96363    2.63336   27.54788
  -3.13313    2.44957   27.61077
  -3.29123    2.25488   27.67367
  -3.43724    2.04999   27.73656
  -3.57050    1.83566   27.79946
  -3.69041    1.61268   27.86235
  -3.79639    1.38188   27.92524
  -3.88795    1.14412   27.98814
  -3.96462    0.90031   28.05103
  -4.02601    0.65139   28.11393
  -4.07178    0.39830   28.17682
  -4.10164    0.14204   28.23972
  -4.11538   -0.11641   28.30261
  -4.11284   -0.37602   28.36551
  -4.09393   -0.63578   28.42840
  -4.05861   -0.89465   28.49130
  -4.00694   -1.15159   28.55419
  -3.93900   -1.40558   28.61709
  -3.85497   -1.65558   28.67998
  -3.75508   -1.90057   28.74288
  -3.63963   -2.13955   28.80577
  -3.50897   -2.37153   28.86866
  -3.36354   -2.59554   28.93156
  -3.20381   -2.81064   28.99445
  -3.03033   -3.01592   29.05735
  -2.84371   -3.21050   29.12024
  -2.64460   -3.39355   29.18314
  -2.43371   -3.56425   29.24603
  -2.21182   -3.72185   29.30893
  -1.97973   -3.86565   29.37182
  -1.73831   -3.99499   29.43472
  -1.48845   -4.10925   29.49761
  -1.23109   -4.20789   29.56051
  -0.96721   -4.29042   29.62340
  -0.69782   -4.35641   29.68630
  -0.42396   -4.40548   29.74919
  -0.14669   -4.43735   29.81209
   0.13292   -4.45178   29.87498
   0.41377   -4.44859   29.93787
   0.69474   -4.42769   30.00077
   0.97472   -4.38905   30.06366
   1.25259   -4.33271   30.12656
   1.52724   -4.25878   30.18945
   1.79754   -4.16746   30.25235
   2.06240   -4.05898   30.31524
   2.32073   -3.93368   30.37814
   2.57146   -3.79194   30.44103
   2.81354   -3.63423   30.50393
   3.04597   -3.46107   30.56682
   3.26774   -3.27305   30.62972
   3.47792   -3.07084   30.69261
   3.67560   -2.85513   30.75551
   3.85991   -2.62671   30.81840
   4.03002   -2.38640   30.88130
   4.18519   -2.13509   30.94419
   4.32469   -1.87369   31.00708
   4.44787   -1.60320   31.06998
   4.55414   -1.32463   31.13287
   4.64297   -1.03903   31.19577
   4.71390   -0.74750   31.25866
   4.76653   -0.45115   31.32156
   4.80053   -0.15114   31.38445
   4.81566    0.15136   31.44735
   4.81174    0.45517   31.51024
   4.78865    0.75909   31.57314
   4.74637    1.06190   31.63603
   4.68495    1.36241   31.69893
   4.60451    1.65939   31.76182
   4.50526    1.95164   31.82472
   4.38746    2.23798   31.88761
   4.25147    2.51723   31.95050
   4.09771    2.78822   32.01340
   3.92669    3.04984   32.07629
   3.73897    3.30098   32.13919
   3.53520    3.54057   32.20208
   3.31609    3.76760   32.26498
   3.08240    3.98108   32.32787
   2.83499    4.18007   32.39077
   2.57474    4.36370   32.45366
   2.30260    4.53113   32.51656
   2.01959    4.68159   32.57945
   1.72677    4.81439   32.64235
   1.42523    4.92888   32.70524
   1.11612    5.02449   32.76814
   0.80062    5.10072   32.83103
   0.47995    5.15715   32.89393
   0.15534    5.19343   32.95682
  -0.17193    5.20928   33.01971
  -0.50058    5.20451   33.08261
  -0.82931    5.17902   33.14550
  -1.15682    5.13277   33.20840
  -1.48180    5.06582   33.27129
  -1.80293    4.97830   33.33419
  -2.11892    4.87043   33.39708
  -2.42848    4.74251   33.45998
  -2.73033    4.59492   33.52287
  -3.02323    4.42813   33.58577
  -3.30596    4.24267   33.64866
  -3.57732    4.03917   33.71156
  -3.83617    3.81833   33.77445
  -4.08139    3.58091   33.83735
  -4.31193    3.32775   33.90024
  -4.52678    3.05976   33.96314
  -4.72498    2.77791   34.02603
  -4.90564    2.48323   34.08892
  -5.06793    2.17682   34.15182
  -5.21109    1.85982   34.21471
  -5.33443    1.53342   34.27761
  -5.43734    1.19887   34.34050
  -5.51927    0.85744   34.40340
  -5.57977    0.51044   34.46629
  -5.61846    0.15922   34.52919
  -5.63505   -0.19484   34.59208
  -5.62934   -0.55037   34.65498
  -5.60120   -0.90594   34.71787
  -5.55062   -1.26016   34.78077
  -5.47763   -1.61161   34.84366
  -5.38241   -1.95886   34.90656
  -5.26518   -2.30051   34.96945
  -5.12627   -2.63517   35.03234
  -4.96610   -2.96146   35.09524
  -4.78516   -3.27803   35.15813
  -4.58406   -3.58356   35.22103
  -4.36346   -3.87677   35.28392
  -4.12411   -4.15642   35.34682
  -3.86686   -4.42129   35.40971
  -3.59260   -4.67026   35.47261
  -3.30232   -4.90222   35.53550
  -2.99708   -5.11616   35.59840
  -2.67800   -5.31109   35.66129
  -2.34625   -5.48614   35.72419
  -2.00308   -5.64047   35.78708
  -1.64978   -5.77334   35.84998
  -1.28768   -5.88410   35.91287
  -0.91819   -5.97215   35.97577
  -0.54271   -6.03701   36.03866
  -0.16270   -6.07827   36.10155
   0.22035   -6.09561   36.16445
   0.60495   -6.08883   36.22734
   0.98956   -6.05779   36.29024
   1.37267   -6.00246   36.35313
   1.75273   -5.92291   36.41603
   2.12822   -5.81931   36.47892
   2.49762   -5.69191   36.54182
   2.85941   -5.54107   36.60471
   3.21212   -5.36724   36.66761
   3.55427   -5.17097   36.73050
   3.88445   -4.95290   36.79340
   4.20127   -4.71376   36.85629
   4.50338   -4.45436   36.91919
   4.78948   -4.17561   36.98208
   5.05835   -3.87850   37.04498
   5.30879   -3.56409   37.10787
   5.53970   -3.23352   37.17076
   5.75004   -2.88800   37.23366
   5.93884   -2.52883   37.29655
   6.10521   -2.15732   37.35945
   6.24835   -1.77490   37.42234
   6.36755   -1.38300   37.48524
   6.46217   -0.98313   37.54813
   6.53170   -0.57683   37.61103
   6.57569   -0.16567   37.67392
   6.59380    0.24874   37.73682
   6.58581    0.66477   37.79971
   6.55157    1.08079   37.86261
   6.49107    1.49514   37.92550
   6.40437    1.90615   37.98840
   6.29165    2.31218   38.05129
   6.15320    2.71157   38.11418
   5.98941    3.10270   38.17708
   5.80077    3.48396   38.23997
   5.58787    3.85377   38.30287
   5.35140    4.21058   38.36576
   5.09216    4.55290   38.42866
   4.81103    4.87928   38.49155
   4.50900    5.18831   38.55445
   4.18712    5.47866   38.61734
   3.84657    5.74905   38.68024
   3.48857    5.99829   38.74313
   3.11444    6.22524   38.80603
   2.72557    6.42887   38.86892
   2.32340    6.60822   38.93182
   1.90945    6.76242   38.99471
   1.48530    6.89070   39.05761
   1.05256    6.99239   39.12050
   0.61291    7.06691   39.18339
   0.16805    7.11379   39.24629
  -0.28029    7.13268   39.30918
  -0.73034    7.12333   39.37208
  -1.18033    7.08559   39.43497
  -1.62846    7.01943   39.49787
  -2.07294    6.92494   39.56076
  -2.51198    6.80232   39.62366
  -2.94381    6.65187   39.68655
  -3.36665    6.47401   39.74945
  -3.77877    6.26929   39.81234
  -4.17846    6.03835   39.87524
  -4.56406    5.78193   39.93813
  -4.93394    5.50091   40.00103
  -5.28653    5.19623   40.06392
  -5.62033    4.86897   40.12682
  -5.93388    4.52028   40.18971
  -6.22581    4.15141   40.25260
  -6.49482    3.76371   40.31550
  -6.73970    3.35859   40.37839
  -6.95932    2.93756   40.44129
  -7.15266    2.50220   40.50418
  -7.31876    2.05413   40.56708
  -7.45682    1.59507   40.62997
  -7.56608    1.12677   40.69287
  -7.64595    0.65103   40.75576
  -7.69592    0.16970   40.81866
  -7.71559   -0.31533   40.88155
  -7.70471   -0.80218   40.94445
  -7.66311   -1.28891   41.00734
  -7.59078   -1.77358   41.07024
  -7.48781   -2.25425   41.13313
  -7.35441   -2.72900   41.19603
  -7.19092   -3.19589   41.25892
  -6.99780   -3.65301   41.32181
  -6.77564   -4.09849   41.38471
  -6.52512   -4.53048   41.44760
  -6.24708   -4.94718   41.51050
  -5.94244   -5.34684   41.57339
  -5.61225   -5.72775   41.63629
  -5.25765   -6.08829   41.69918
  -4.87991   -6.42689   41.76208
  -4.48038   -6.74207   41.82497
  -4.06051   -7.03243   41.88787
  -3.62184   -7.29665   41.95076
  -3.16600   -7.53352   42.01366
  -2.69469   -7.74192   42.07655
  -2.20970   -7.92086   42.13945
  -1.71286   -8.06942   42.20234
  -1.20607   -8.18683   42.26523
  -0.69128   -8.27242   42.32813
  -0.17050   -8.32565   42.39102
   0.35424   -8.34611   42.45392
   0.88088   -8.33351   42.51681
   1.40735   -8.28769   42.57971
   1.93154   -8.20862   42.64260
   2.45136   -8.09641   42.70550
   2.96470   -7.95129   42.76839
   3.46950   -7.77363   42.83129
   3.96368   -7.56394   42.89418
   4.44522   -7.32285   42.95708
   4.91212   -7.05111   43.01997
   5.36243   -6.74962   43.08287
   5.79426   -6.41939   43.14576
   6.20576   -6.06154   43.20866
   6.59519   -5.67733   43.27155
   6.96084   -5.26811   43.33444
   7.30112   -4.83537   43.39734
   7.61451   -4.38066   43.46023
   7.89960   -3.90567   43.52313
   8.15507   -3.41214   43.58602
   8.37972   -2.90194   43.64892
   8.57246   -2.37697   43.71181
   8.73233   -1.83924   43.77471
   8.85848   -1.29080   43.83760
   8.95020   -0.73377   43.90050
   9.00690   -0.17030   43.96339
   9.02814    0.39740   44.02629
   9.01361    0.96710   44.08918
   8.96315    1.53654   44.15208
   8.87672    2.10347   44.21497
   8.75445    2.66561   44.27787
   8.59659    3.22070   44.34076
   8.40354    3.76648   44.40365
   8.17586    4.30073   44.46655
   7.91423    4.82124   44.52944
   7.61948    5.32587   44.59234
   7.29256    5.81249   44.65523
   6.93458    6.27908   44.71813
   6.54676    6.72363   44.78102
   6.13047    7.14426   44.84392
   5.68716    7.53912   44.90681
   5.21844    7.90650   44.96971
   4.72602    8.24475   45.03260
   4.21169    8.55234   45.09550
   3.67736    8.82787   45.15839
   3.12504    9.07003   45.22129
   2.55681    9.27764   45.28418
   1.97483    9.44967   45.34707
   1.38132    9.58521   45.40997
   0.77857    9.68348   45.47286
   0.16892    9.74386   45.53576
  -0.44524    9.76588   45.59865
  -1.06151    9.74919   45.66155
  -1.67745    9.69363   45.72444
  -2.29060    9.59917   45.78734
  -2.89851    9.46594   45.85023
  -3.49873    9.29423   45.91313
  -4.08882    9.08447   45.97602
  -4.66638    8.83726   46.03892
  -5.22902    8.55334   46.10181
  -5.77442    8.23362   46.16471
  -6.30029    7.87914   46.22760
  -6.80443    7.49109   46.29050
  -7.28469    7.07080   46.35339
  -7.73900    6.61974   46.41628
  -8.16541    6.13950   46.47918
  -8.56204    5.63182   46.54207
  -8.92712    5.09854   46.60497
  -9.25900    4.54163   46.66786
  -9.55615    3.96313   46.73076
  -9.81718    3.36523   46.79365
 -10.04081    2.75017   46.85655
 -10.22592    2.12029   46.91944
 -10.37153    1.47800   46.98234
 -10.47682    0.82579   47.04523
 -10.54110    0.16618   47.10813
 -10.56387   -0.49826   47.17102
 -10.54478   -1.16490   47.23392
 -10.48363   -1.83112   47.29681
 -10.38040   -2.49426   47.35971
 -10.23524   -3.15167   47.42260
 -10.04846   -3.80069   47.48549
  -9.82054   -4.43869   47.54839
  -9.55213   -5.06306   47.61128
  -9.24404   -5.67124   47.67418
  -8.89724   -6.26070   47.73707
  -8.51287   -6.82898   47.79997
  -8.09222   -7.37370   47.86286
  -7.63674   -7.89252   47.92576
  -7.14801   -8.38323   47.98865
  -6.62778   -8.84370   48.05155
  -6.07790   -9.27190   48.11444
  -5.50038   -9.66593   48.17734
  -4.89735  -10.02401   48.24023
  -4.27103  -10.34448   48.30313
  -3.62378  -10.62584   48.36602
  -2.95804  -10.86672   48.42891
  -2.27633  -11.06590   48.49181
  -1.58126  -11.22233   48.55470
  -0.87553  -11.33512   48.61760
  -0.16185  -11.40354   48.68049
   0.55696  -11.42705   48.74339
   1.27810  -11.40526   48.80628
   1.99871  -11.33797   48.86918
   2.71591  -11.22517   48.93207
   3.42684  -11.06702   48.99497
   4.12862  -10.86386   49.05786
   4.81842  -10.61622   49.12076
   5.49340  -10.32479   49.18365
   6.15080   -9.99047   49.24655
   6.78789   -9.61430   49.30944
   7.40200   -9.19753   49.37234
   7.99054   -8.74155   49.43523
   8.55103   -8.24793   49.49812
   9.08104   -7.71840   49.56102
   9.57829   -7.15483   49.62391
  10.04058   -6.55925   49.68681
  10.46586   -5.93383   49.74970
  10.85220   -5.28087   49.81260
  11.19782   -4.60278   49.87549
  11.50109   -3.90211   49.93839
  11.76054   -3.18151   50.00128
  11.97485   -2.44370   50.06418
  12.14289   -1.69152   50.12707
  12.26371   -0.92787   50.18997
  12.33651   -0.15571   50.25286
  12.36072    0.62194   50.31576
  12.33592    1.40202   50.37865
  12.26191    2.18145   50.44155
  12.13866    2.95712   50.50444
  11.96637    3.72593   50.56733
  11.74540    4.48477   50.63023
  11.47633    5.23056   50.69312
  11.15992    5.96026   50.75602
  10.79713    6.67086   50.81891
  10.38912    7.35941   50.88181
   9.93722    8.02304   50.94470
   9.44294    8.65895   51.00760
   8.90800    9.26443   51.07049
   8.33426    9.83690   51.13339
   7.72375   10.37386   51.19628
   7.07867   10.87295   51.25918
   6.40137   11.33195   51.32207
   5.69435   11.74878   51.38497
   4.96021   12.12151   51.44786
   4.20172   12.44840   51.51075
   3.42174   12.72784   51.57365
   2.62322   12.95843   51.63654
   1.80924   13.13894   51.69944
   0.98292   13.26833   51.76233
   0.14748   13.34578   51.82523
  -0.69381   13.37065   51.88812
  -1.53766   13.34249   51.95102
  -2.38071   13.26110   52.01391
  -3.21962   13.12646   52.07681
  -4.05101   12.93877   52.13970
  -4.87154   12.69844   52.20260
  -5.67787   12.40609   52.26549
  -6.46671   12.06256   52.32839
  -7.23481   11.66890   52.39128
  -7.97899   11.22634   52.45418
  -8.69613   10.73635   52.51707
  -9.38321   10.20057   52.57996
 -10.03731    9.62084   52.64286
 -10.65562    8.99920   52.70575
 -11.23546    8.33784   52.76865
 -11.77428    7.63916   52.83154
 -12.26967    6.90568   52.89444
 -12.71939    6.14012   52.95733
 -13.12136    5.34531   53.02023
 -13.47369    4.52422   53.08312
 -13.77466    3.67997   53.14602
 -14.02275    2.81575   53.20891
 -14.21665    1.93488   53.27181
 -14.35522    1.04076   53.33470
 -14.43758    0.13686   53.39760
 -14.46305   -0.77328   53.46049
 -14.43116   -1.68610   53.52339
 -14.34168   -2.59797   53.58628
 -14.19460   -3.50526   53.64917
 -13.99015   -4.40433   53.71207
 -13.72876   -5.29157   53.77496
 -13.41114   -6.16335   53.83786
 -13.03817   -7.01613   53.90075
 -12.61100   -7.84638   53.96365
 -12.13098   -8.65067   54.02654
 -11.59970   -9.42563   54.08944
 -11.01893  -10.16800   54.15233
 -10.39067  -10.87462   54.21523
  -9.71713  -11.54244   54.27812
  -9.00070  -12.16858   54.34102
  -8.24395  -12.75028   54.40391
  -7.44965  -13.28494   54.46681
  -6.62070  -13.77014   54.52970
  -5.76020  -14.20364   54.59259
  -4.87136  -14.58340   54.65549
  -3.95754  -14.90755   54.71838
  -3.02222  -15.17446   54.78128
  -2.06898  -15.38271   54.84417
  -1.10149  -15.53111   54.90707
  -0.12352  -15.61867   54.96996
   0.86111  -15.64467   55.03286
   1.84853  -15.60862   55.09575
   2.83483  -15.51027   55.15865
   3.81608  -15.34962   55.22154
   4.78834  -15.12692   55.28444
   5.74770  -14.84265   55.34733
   6.69025  -14.49756   55.41023
   7.61214  -14.09264   55.47312
   8.50957  -13.62912   55.53602
   9.37883  -13.10847   55.59891
  10.21627  -12.53242   55.66180
  11.01837  -11.90288   55.72470
  11.78171  -11.22204   55.78759
  12.50301  -10.49228   55.85049
  13.17915   -9.71619   55.91338
  13.80713   -8.89656   55.97628
  14.38418   -8.03638   56.03917
  14.90765   -7.13881   56.10207
  15.37515   -6.20719   56.16496
  15.78445   -5.24501   56.22786
  16.13356   -4.25589   56.29075
  16.42072   -3.24362   56.35365
  16.64438   -2.21205   56.41654
  16.80327   -1.16518   56.47944
  16.89633   -0.10708   56.54233
  16.92279    0.95813   56.60523
  16.88211    2.02625   56.66812
  16.77404    3.09305   56.73101
  16.59858    4.15428   56.79391
  16.35601    5.20569   56.85680
  16.04686    6.24303   56.91970
  15.67194    7.26208   56.98259
  15.23234    8.25868   57.04549
  14.72938    9.22873   57.10838
  14.16468   10.16820   57.17128
  13.54008   11.07316   57.23417
  12.85769   11.93979   57.29707
  12.11987   12.76441   57.35996
  11.32919   13.54347   57.42286
  10.48848   14.27358   57.48575
   9.60074   14.95154   57.54865
   8.66922   15.57432   57.61154
   7.69736   16.13908   57.67444
   6.68874   16.64323   57.73733
   5.64717   17.08438   57.80022
   4.57656   17.46036   57.86312
   3.48100   17.76928   57.92601
   2.36469   18.00949   57.98891
   1.23193   18.17959   58.05180
   0.08712   18.27846   58.11470
  -1.06526   18.30527   58.17759
  -2.22067   18.25946   58.24049
  -3.37454   18.14074   58.30338
  -4.52227   17.94912   58.36628
  -5.65926   17.68492   58.42917
  -6.78091   17.34872   58.49207
  -7.88268   16.94141   58.55496
  -8.96005   16.46416   58.61786
 -10.00858   15.91842   58.68075
 -11.02393   15.30593   58.74364
 -12.00185   14.62870   58.80654
 -12.93820   13.88903   58.86943
 -13.82901   13.08946   58.93233
 -14.67044   12.23279   58.99522
 -15.45885   11.32207   59.05812
 -16.19074   10.36058   59.12101
 -16.86287    9.35181   59.18391
 -17.47218    8.29949   59.24680
 -18.01585    7.20753   59.30970
 -18.49131    6.08002   59.37259
 -18.89622    4.92121   59.43549
 -19.22855    3.73552   59.49838
 -19.48650    2.52749   59.56128
 -19.66859    1.30179   59.62417
 -19.77361    0.06318   59.68707
 -19.80065   -1.18350   59.74996
 -19.74912   -2.43333   59.81285
 -19.61873   -3.68138   59.87575
 -19.40950   -4.92265   59.93864
 -19.12175   -6.15219   60.00154
 -18.75615   -7.36501   60.06443
 -18.31365   -8.55620   60.12733
 -17.79553   -9.72087   60.19022
 -17.20337  -10.85424   60.25312
 -16.53906  -11.95159   60.31601
 -15.80479  -13.00834   60.37891
 -15.00303  -14.02002   60.44180
 -14.13655  -14.98233   60.50470
 -13.20838  -15.89113   60.56759
 -12.22183  -16.74247   60.63049
 -11.18045  -17.53259   60.69338
 -10.08804  -18.25798   60.75628
  -8.94862  -18.91534   60.81917
  -7.76642  -19.50162   60.88206
  -6.54587  -20.01405   60.94496
  -5.29160  -20.45011   61.00785
  -4.00837  -20.80760   61.07075
  -2.70110  -21.08460   61.13364
  -1.37484  -21.27950   61.19654
  -0.03474  -21.39100   61.25943
   1.31395  -21.41814   61.32233
   2.66592  -21.36027   61.38522
   4.01582  -21.21709   61.44812
   5.35826  -20.98863   61.51101
   6.68787  -20.67527   61.57391
   7.99927  -20.27770   61.63680
   9.28714  -19.79699   61.69970
  10.54619  -19.23451   61.76259
  11.77125  -18.59199   61.82548
  12.95722  -17.87148   61.88838
  14.09915  -17.07536   61.95127
  15.19222  -16.20630   62.01417
  16.23176  -15.26731   62.07706
  17.21332  -14.26169   62.13996
  18.13261  -13.19300   62.20285
  18.98559  -12.06510   62.26575
  19.76845  -10.88211   62.32864
  20.47763   -9.64838   62.39154
  21.10986   -8.36849   62.45443
  21.66212   -7.04725   62.51733
  22.13172   -5.68964   62.58022
  22.51627   -4.30085   62.64312
  22.81370   -2.88618   62.70601
  23.02229   -1.45112   62.76891
  23.14063   -0.00123   62.83180
