  -0.67493 
  -0.69034 
  -2.96747 
  -0.41781 
   2.58457 
  -0.97669 
  -0.02806 
  -0.52173 
  -0.68471 
  -0.47269 
  -1.13289 
  -0.50837 
   0.40424 
  -1.09859 
  -0.78484 
   0.16951 
   1.53152 
  -0.01749 
  -2.89863 
   0.22042 
   0.81682 
  -0.88175 
  -0.33296 
  -1.80961 
  -0.04845 
  -0.47907 
  -0.29314 
   0.14589 
   0.34329 
  -0.25072 
   1.44200 
   1.83759 
  -1.18947 
   0.75276 
  -0.56803 
  -0.54333 
   1.25181 
   1.02715 
  -0.72135 
   0.52685 
   1.08749 
  -0.15706 
  -0.92765 
  -0.50788 
  -0.03953 
   0.76468 
  -1.60732 
   0.26515 
   0.35887 
  -0.89187 
   1.33231 
   0.64613 
  -1.11330 
  -0.61302 
  -1.50802 
  -0.27545 
   0.35024 
   0.85127 
  -1.23321 
  -1.56711 
   0.35818 
  -1.85593 
  -0.04502 
   1.87203 
  -0.57177 
   0.04088 
   0.07610 
  -0.31586 
  -2.55316 
  -0.58155 
  -0.82585 
   2.53301 
   0.01583 
  -0.60826 
  -0.02431 
  -1.24150 
  -0.72170 
  -0.54965 
   1.28604 
  -0.52267 
   0.03383 
  -0.17849 
   1.16409 
   0.32859 
  -2.75013 
  -0.48153 
  -0.13483 
   1.34332 
  -0.77749 
  -0.32807 
   0.48150 
  -0.77194 
   0.82059 
  -0.37859 
  -0.84137 
  -0.57517 
   1.08416 
   0.54469 
   1.01120 
   0.29999 
   1.36841 
  -1.60420 
   0.28067 
  -0.73823 
   0.13599 
   1.28168 
  -1.11177 
  -1.35894 
  -0.12499 
  -0.34148 
   0.23837 
   1.56802 
   0.01643 
  -0.24151 
   1.18662 
  -1.86621 
   0.92546 
   1.00191 
   1.12284 
   0.26822 
   0.91730 
   1.13029 
  -0.20726 
  -1.85633 
  -1.25821 
   1.61630 
   1.02747 
  -1.10973 
  -0.72064 
  -0.67750 
  -1.29663 
   0.67608 
  -0.55365 
  -0.35959 
  -0.47881 
   0.94319 
  -0.09917 
  -0.56451 
  -0.91544 
  -0.67016 
  -0.14340 
  -0.03181 
  -0.12753 
  -0.15487 
   0.70932 
   2.60745 
   1.62558 
  -0.13825 
  -0.97018 
   1.18435 
   2.43873 
  -0.27718 
   0.90438 
   1.05850 
   0.50663 
   1.63434 
   1.41286 
  -0.44050 
  -1.10579 
   0.95179 
  -1.02352 
  -1.10342 
  -0.85652 
  -0.01579 
  -1.47653 
   1.71943 
  -0.75215 
  -0.19179 
   0.58170 
   0.35172 
  -0.21492 
   0.92104 
   1.02420 
   1.73218 
  -0.92438 
   0.39977 
   2.00240 
   0.08764 
   0.26155 
   0.87170 
  -0.01111 
  -2.48252 
  -0.72007 
   1.01364 
  -0.75127 
   0.19932 
  -0.95398 
  -0.05119 
   0.51124 
  -0.61215 
   0.38450 
   0.94837 
   2.60277 
   1.01056 
   0.06613 
   0.36097 
  -0.32836 
  -1.23956 
   1.41221 
  -1.40149 
  -0.56157 
   1.31513 
   0.99507 
   1.25878 
   0.80833 
  -0.54446 
   0.92793 
  -1.68686 
   0.29794 
   0.68815 
  -0.39890 
   0.25864 
   0.03535 
  -1.29936 
   0.69301 
   0.18162 
   1.00832 
   1.32701 
   0.96972 
  -0.69740 
   0.74357 
  -2.00485 
   0.26526 
  -0.29499 
  -0.74723 
  -1.13180 
  -0.09588 
   0.24689 
   0.80904 
   1.56543 
   1.38821 
   0.76440 
  -0.30900 
  -0.06700 
  -0.43066 
   0.91358 
   0.20454 
   0.49886 
  -1.05360 
  -0.49262 
   0.80613 
  -0.53795 
  -0.73995 
  -0.30472 
  -0.04898 
  -0.48755 
   0.91241 
   0.92476 
  -0.73379 
  -1.56662 
  -1.51070 
  -1.89572 
  -0.27475 
   1.62292 
  -0.17503 
  -0.57908 
  -0.10607 
  -0.93452 
   1.93789 
  -0.21997 
  -0.00156 
  -0.46892 
  -0.51713 
  -0.98154 
   0.59986 
   0.00748 
   0.12373 
   1.48596 
   1.24088 
   0.56297 
  -0.48720 
  -0.33758 
   0.21291 
  -0.56366 
  -1.61583 
  -1.11635 
   0.77788 
   0.61672 
   0.32486 
   0.71463 
  -1.71148 
  -0.67268 
   0.88371 
   0.41738 
  -0.15876 
  -1.96225 
   0.53075 
  -0.63578 
   0.85473 
  -0.68491 
  -0.22234 
  -0.28655 
  -0.20155 
  -1.20450 
   0.09506 
   0.35956 
   0.60064 
  -0.12157 
   0.15554 
  -0.69117 
   0.78862 
  -1.28102 
   0.14876 
   0.44564 
   1.18303 
  -0.87055 
   0.84699 
   0.49644 
  -0.20350 
  -1.09339 
  -0.65482 
  -0.36389 
   1.24344 
   0.42421 
   1.85508 
   1.43697 
   1.31808 
  -0.52033 
   0.05816 
  -1.85532 
  -0.22746 
  -0.38056 
   0.13126 
   1.16383 
  -0.42415 
  -0.38970 
  -0.66130 
  -0.33356 
  -0.68100 
   0.55577 
  -0.18670 
   0.31342 
   2.37851 
   0.43010 
  -0.87563 
   0.76197 
  -1.73923 
  -0.98052 
   0.28037 
  -0.92193 
   1.41382 
  -0.18492 
  -0.64089 
  -0.31715 
   0.83634 
  -0.83397 
  -0.01347 
  -0.10232 
   1.15487 
   0.01101 
   1.08853 
  -0.55297 
   0.07560 
  -0.14501 
  -0.57622 
   0.76048 
  -1.54398 
  -1.12733 
   0.32383 
  -1.05593 
  -0.10913 
   0.60864 
   0.06223 
  -0.50772 
  -0.57827 
  -0.19383 
  -0.01548 
  -1.30621 
   0.76128 
  -1.20838 
  -0.16114 
  -0.86513 
  -0.76584 
   0.82254 
  -0.77203 
  -0.89731 
   0.32616 
   1.30629 
  -0.14698 
   0.13623 
   0.85818 
  -1.44678 
   1.14092 
  -1.22130 
  -1.20401 
   0.86474 
  -0.81178 
  -0.36003 
  -0.25398 
   0.06443 
   0.07866 
   1.99923 
   0.28025 
  -0.38389 
   0.46555 
   0.81628 
  -0.51658 
  -0.23833 
  -0.37628 
   0.13125 
  -0.08590 
  -0.07071 
  -0.03722 
   1.70846 
  -0.14024 
  -1.43917 
   0.43252 
  -0.75859 
   0.09886 
   1.34681 
  -0.66277 
   0.71040 
  -0.23712 
  -2.20941 
  -1.05862 
   0.02263 
   0.22099 
   0.06011 
  -0.38017 
   0.42298 
   0.05935 
   0.45525 
   0.48903 
  -0.47667 
  -0.20769 
   0.30634 
  -0.03001 
  -1.78748 
   1.08834 
   2.08318 
  -0.06084 
  -0.65321 
  -0.20135 
   0.58550 
   0.72357 
  -0.38552 
   0.94274 
  -1.92396 
   1.05842 
   1.29873 
   0.94222 
   0.34220 
  -0.16116 
  -0.40008 
  -0.06501 
   1.02673 
  -0.43470 
  -0.05791 
  -0.10377 
   0.10064 
   1.41956 
  -1.43866 
   0.35282 
  -0.54066 
   1.01566 
  -1.35184 
   0.29890 
  -0.50397 
  -0.23814 
  -0.69050 
  -0.40087 
   0.09932 
  -0.04328 
  -0.20188 
  -0.08812 
   0.44089 
  -0.17165 
  -0.59371 
   0.72993 
  -1.20209 
  -0.53608 
  -0.86477 
   0.83482 
  -0.40420 
  -0.64006 
  -0.51392 
  -0.21128 
   0.72001 
  -0.05099 
  -0.17091 
  -0.12459 
  -0.18219 
  -1.03347 
   0.21929 
  -0.37683 
  -0.39289 
  -1.01475 
  -0.59014 
  -1.56558 
   0.61425 
  -1.15480 
   1.26542 
   0.46526 
   1.75516 
   0.69633 
  -0.82591 
   0.60342 
  -0.08434 
  -0.74448 
  -0.61411 
   0.14523 
  -0.59057 
   0.36453 
  -1.42446 
  -0.04290 
   0.02384 
  -1.70586 
  -2.15974 
   0.54440 
   1.06308 
  -0.09326 
   1.03213 
   0.84024 
   0.19888 
  -0.08141 
  -0.83369 
   1.22425 
   0.71887 
  -0.08347 
  -0.40918 
  -0.85708 
   0.80876 
   0.64229 
   0.92250 
  -1.88035 
  -2.10358 
  -0.18901 
  -0.03663 
   0.28820 
  -0.21798 
   2.17053 
  -0.07303 
  -0.74284 
  -0.86802 
   1.21109 
  -0.97568 
   1.29720 
   0.61681 
   0.02427 
   1.03988 
   0.46475 
   0.09145 
   1.37111 
  -1.49288 
   0.32697 
   0.97373 
  -0.74140 
  -0.32263 
   1.89932 
   0.75739 
   1.08577 
   0.68710 
   0.07804 
   0.02745 
   0.87520 
   0.28314 
  -0.22318 
  -0.22974 
  -0.08743 
   1.33427 
  -0.03639 
  -0.33357 
  -0.02133 
   0.60324 
   0.65298 
  -0.30400 
   0.89391 
   0.09998 
  -1.55523 
   0.16232 
  -0.99055 
  -1.74253 
   0.74170 
   0.25283 
   0.35088 
   0.52937 
  -1.42042 
   0.97651 
   0.12262 
  -3.24817 
   1.17967 
  -0.61302 
  -0.84769 
  -1.22964 
  -1.11194 
  -0.41666 
   0.26179 
   2.38276 
   0.60665 
  -1.70070 
  -1.97522 
  -0.01405 
  -0.51827 
  -0.42275 
  -0.47752 
  -0.12182 
   1.63651 
  -0.30952 
   1.52088 
   0.70666 
   0.45587 
   2.25579 
  -0.93304 
  -0.81183 
   0.46700 
   3.03720 
  -1.27671 
  -1.38421 
   0.56535 
   0.03830 
   1.76600 
  -0.20889 
  -0.23546 
   1.76821 
  -0.44027 
   1.38119 
  -1.46209 
   0.33571 
   1.20300 
   0.94010 
  -0.74268 
  -1.24729 
  -1.65375 
   0.76634 
   0.09984 
   1.37793 
  -1.08965 
  -0.20095 
   0.31404 
  -0.34639 
  -0.20590 
  -0.17873 
  -0.00473 
  -0.88949 
   0.72840 
  -0.96314 
   0.19490 
   1.10828 
  -0.07731 
  -0.22788 
   0.49607 
   1.51416 
   0.52115 
   0.50439 
  -0.56990 
   0.97089 
  -0.25104 
  -0.13875 
   0.28529 
   1.41426 
  -0.03249 
   2.91168 
  -0.44477 
   0.13499 
   0.27981 
  -0.36806 
  -0.77740 
   0.68235 
   0.04314 
   1.54285 
   0.33793 
   1.06138 
   0.53029 
  -0.52585 
   1.35144 
   1.65296 
  -0.10702 
  -0.74167 
  -1.71071 
  -1.11363 
  -0.92949 
  -2.28510 
  -0.56565 
  -0.05899 
  -0.53828 
   0.74704 
   0.67662 
  -1.74940 
  -0.30681 
   0.22765 
  -0.57662 
   0.15759 
   0.69724 
   1.88955 
  -0.52654 
  -2.24815 
   0.24230 
  -0.03306 
  -0.32889 
   1.38197 
  -1.23741 
  -0.94310 
   1.42223 
   0.99739 
   0.46391 
  -0.67877 
   0.80761 
  -1.58017 
   0.39588 
  -1.18135 
   0.72193 
   1.53330 
   0.21939 
   0.07669 
  -2.09368 
   0.37496 
  -0.55802 
   1.03909 
   1.06512 
  -0.66691 
  -0.90566 
  -0.04886 
   0.56960 
  -1.36534 
  -0.71443 
  -0.94411 
  -0.20713 
   0.91493 
   0.58015 
  -0.16218 
   0.42805 
  -1.73190 
   0.43880 
  -0.77851 
  -0.22385 
   0.28951 
  -0.33547 
  -1.12472 
  -0.88978 
  -0.44377 
  -1.62697 
  -0.42223 
   0.51097 
   1.96544 
  -2.06157 
  -0.18551 
   0.39792 
   0.52597 
   0.42357 
   0.57587 
   1.26114 
  -0.14511 
  -0.02486 
  -1.11066 
   0.46682 
  -1.71378 
  -1.22939 
  -0.17450 
  -0.03702 
  -0.80243 
  -0.80239 
   0.65340 
   0.08720 
   1.66980 
  -0.28709 
   1.14492 
  -1.55770 
  -0.21102 
  -2.69468 
  -0.11847 
   0.30823 
  -0.27723 
  -1.06413 
   1.34272 
   1.28193 
  -1.37129 
  -0.34331 
  -0.93130 
  -0.03516 
   0.80590 
  -2.40429 
   0.97811 
   1.75311 
   0.71961 
  -2.40577 
  -1.73402 
   1.28907 
   1.08679 
  -0.59275 
  -0.60979 
  -1.30848 
   1.72633 
  -0.40877 
   0.12473 
  -0.20216 
   0.13169 
   2.26703 
   0.09987 
  -1.73888 
  -0.04460 
   1.53941 
   0.96389 
  -0.99956 
  -0.54313 
   0.51734 
   0.05220 
  -1.68475 
  -2.28681 
  -0.08128 
   1.06624 
  -0.04984 
   0.48606 
   0.15891 
   0.23707 
  -2.34404 
  -1.44628 
   0.87695 
   1.95117 
   0.03338 
   0.09761 
  -1.04037 
   0.91918 
   1.22662 
  -1.59143 
  -0.17408 
  -1.64496 
   0.63060 
   0.41639 
   1.64507 
   0.32148 
  -0.21109 
   0.61976 
   0.77481 
  -0.37186 
  -0.34956 
  -2.06480 
  -0.79016 
   0.67542 
  -0.72859 
   0.29741 
   0.37495 
   0.65151 
   0.22835 
  -1.15253 
  -0.38339 
  -0.85989 
   0.98458 
   1.05492 
  -0.29787 
  -1.23953 
   0.48205 
   0.24323 
   0.76194 
  -0.52834 
   0.92014 
   1.40945 
   0.20730 
  -0.90257 
  -0.38262 
  -0.11942 
  -0.49453 
  -0.01886 
   0.23790 
  -0.06679 
   0.56905 
   1.33254 
  -0.83975 
   1.38299 
  -0.41311 
  -1.62876 
  -1.46047 
  -0.53842 
   0.15887 
  -1.21320 
  -0.87687 
  -0.28227 
  -0.44190 
   1.55833 
  -0.23439 
   0.77134 
  -2.32058 
  -0.34769 
  -0.28277 
  -0.13610 
  -0.26787 
  -0.55605 
   0.91876 
  -0.75809 
  -0.83865 
  -2.22919 
   0.97257 
   0.11987 
   0.21858 
   0.09288 
  -0.18252 
  -0.38088 
  -0.30829 
   0.15915 
   0.32180 
  -0.35257 
   1.16434 
   0.84054 
  -0.35381 
  -0.59963 
   0.98870 
   1.82220 
   1.18424 
   1.68296 
   1.01941 
   0.91704 
  -0.48478 
  -0.46913 
  -0.26724 
  -0.17965 
   0.88685 
  -0.82952 
   0.30287 
  -0.11263 
  -0.58780 
   0.12285 
  -0.53939 
   0.49178 
  -1.69246 
  -0.35417 
  -0.95137 
   0.03152 
  -0.01065 
  -0.57730 
  -0.43255 
  -1.41750 
   1.48183 
   0.56562 
  -0.28433 
   1.13342 
   1.24874 
  -0.28701 
  -0.59752 
   1.04958 
  -1.18872 
  -0.53935 
   0.02921 
  -1.23737 
   0.98192 
  -1.09060 
  -0.73749 
   0.58004 
   0.87983 
  -0.32423 
   0.13875 
  -1.14877 
   1.34284 
  -0.18772 
   0.49988 
  -0.01491 
   0.49359 
  -0.12470 
   1.05236 
   1.02012 
   0.21849 
   1.37807 
   1.11147 
   2.20427 
   0.35665 
   0.55513 
  -0.13379 
   0.58974 
  -0.20611 
   0.32565 
  -0.88667 
  -0.60441 
   0.19146 
  -0.44673 
   0.66865 
  -1.20962 
  -1.46028 
  -0.18852 
   0.64298 
  -1.02237 
  -1.20159 
   1.50844 
   1.23140 
  -1.08080 
  -0.48001 
  -0.10225 
   0.77155 
   2.53237 
  -1.27913 
   0.26305 
   0.57969 
   0.10178 
   0.04923 
  -1.39955 
  -0.28463 
   2.40236 
  -0.81061 
   0.38853 
   1.62937 
   0.36034 
  -1.11563 
  -0.35004 
  -0.33773 
   1.03708 
   1.63674 
  -0.54866 
  -0.79576 
   0.84422 
  -0.29111 
   1.46730 
  -0.85241 
  -1.25957 
