 -18.84955   -0.00000
 -18.66105   -0.01004
 -18.47255   -0.01993
 -18.28406   -0.02931
 -18.09556   -0.03783
 -17.90707   -0.04518
 -17.71857   -0.05107
 -17.53008   -0.05525
 -17.34158   -0.05755
 -17.15309   -0.05784
 -16.96459   -0.05606
 -16.77609   -0.05224
 -16.58760   -0.04645
 -16.39910   -0.03887
 -16.21061   -0.02972
 -16.02211   -0.01929
 -15.83362   -0.00792
 -15.64512    0.00401
 -15.45663    0.01609
 -15.26813    0.02789
 -15.07963    0.03898
 -14.89114    0.04895
 -14.70264    0.05743
 -14.51415    0.06406
 -14.32565    0.06857
 -14.13716    0.07074
 -13.94866    0.07042
 -13.76017    0.06757
 -13.57167    0.06221
 -13.38317    0.05447
 -13.19468    0.04455
 -13.00618    0.03274
 -12.81769    0.01940
 -12.62919    0.00497
 -12.44070   -0.01008
 -12.25220   -0.02522
 -12.06371   -0.03993
 -11.87521   -0.05368
 -11.68671   -0.06593
 -11.49822   -0.07621
 -11.30972   -0.08409
 -11.12123   -0.08921
 -10.93273   -0.09129
 -10.74424   -0.09015
 -10.55574   -0.08572
 -10.36725   -0.07804
 -10.17875   -0.06725
  -9.99025   -0.05363
  -9.80176   -0.03756
  -9.61326   -0.01949
  -9.42477    0.00000
  -9.23627    0.02029
  -9.04778    0.04069
  -8.85928    0.06048
  -8.67079    0.07895
  -8.48229    0.09538
  -8.29379    0.10910
  -8.10530    0.11950
  -7.91680    0.12606
  -7.72831    0.12837
  -7.53981    0.12614
  -7.35132    0.11920
  -7.16282    0.10757
  -6.97433    0.09139
  -6.78583    0.07099
  -6.59733    0.04684
  -6.40884    0.01955
  -6.22034   -0.01010
  -6.03185   -0.04123
  -5.84335   -0.07287
  -5.65486   -0.10394
  -5.46636   -0.13336
  -5.27787   -0.15998
  -5.08937   -0.18269
  -4.90087   -0.20043
  -4.71238   -0.21221
  -4.52388   -0.21713
  -4.33539   -0.21446
  -4.14689   -0.20360
  -3.95840   -0.18416
  -3.76990   -0.15591
  -3.58141   -0.11888
  -3.39291   -0.07329
  -3.20441   -0.01959
  -3.01592    0.04156
  -2.82742    0.10930
  -2.63893    0.18256
  -2.45043    0.26013
  -2.26194    0.34065
  -2.07344    0.42264
  -1.88495    0.50456
  -1.69645    0.58482
  -1.50795    0.66184
  -1.31946    0.73407
  -1.13096    0.80005
  -0.94247    0.85840
  -0.75397    0.90791
  -0.56548    0.94755
  -0.37698    0.97648
  -0.18849    0.99409
   0.00001    1.00000
   0.18851    0.99409
   0.37700    0.97648
   0.56550    0.94755
   0.75399    0.90791
   0.94249    0.85839
   1.13098    0.80004
   1.31948    0.73407
   1.50797    0.66183
   1.69647    0.58481
   1.88497    0.50455
   2.07346    0.42263
   2.26196    0.34064
   2.45045    0.26012
   2.63895    0.18255
   2.82744    0.10929
   3.01594    0.04155
   3.20443   -0.01960
   3.39293   -0.07330
   3.58143   -0.11889
   3.76992   -0.15592
   3.95842   -0.18416
   4.14691   -0.20361
   4.33541   -0.21446
   4.52390   -0.21713
   4.71240   -0.21221
   4.90089   -0.20043
   5.08939   -0.18269
   5.27789   -0.15997
   5.46638   -0.13335
   5.65488   -0.10394
   5.84337   -0.07286
   6.03187   -0.04123
   6.22036   -0.01009
   6.40886    0.01956
   6.59735    0.04684
   6.78585    0.07100
   6.97435    0.09140
   7.16284    0.10757
   7.35134    0.11920
   7.53983    0.12614
   7.72833    0.12837
   7.91682    0.12606
   8.10532    0.11950
   8.29381    0.10910
   8.48231    0.09538
   8.67081    0.07895
   8.85930    0.06048
   9.04780    0.04069
   9.23629    0.02029
   9.42479   -0.00000
   9.61328   -0.01949
   9.80178   -0.03756
   9.99027   -0.05364
  10.17877   -0.06725
  10.36727   -0.07804
  10.55576   -0.08572
  10.74426   -0.09015
  10.93275   -0.09129
  11.12125   -0.08921
  11.30974   -0.08409
  11.49824   -0.07621
  11.68673   -0.06593
  11.87523   -0.05368
  12.06373   -0.03993
  12.25222   -0.02522
  12.44072   -0.01007
  12.62921    0.00497
  12.81771    0.01940
  13.00620    0.03274
  13.19470    0.04455
  13.38319    0.05447
  13.57169    0.06221
  13.76019    0.06757
  13.94868    0.07042
  14.13718    0.07074
  14.32567    0.06857
  14.51417    0.06406
  14.70266    0.05743
  14.89116    0.04895
  15.07965    0.03898
  15.26815    0.02789
  15.45665    0.01609
  15.64514    0.00401
  15.83364   -0.00792
  16.02213   -0.01929
  16.21063   -0.02972
  16.39912   -0.03887
  16.58762   -0.04645
  16.77611   -0.05224
  16.96461   -0.05606
  17.15311   -0.05784
  17.34160   -0.05755
  17.53010   -0.05525
  17.71859   -0.05107
  17.90709   -0.04518
  18.09558   -0.03783
  18.28408   -0.02931
  18.47257   -0.01993
  18.66107   -0.01004
  18.84957    0.00000
